_unit_id,_created_at,_id,_started_at,_tainted,_channel,_trust,_worker_id,_country,_region,_city,_ip,hiddeninput,notpossible,tagged_events,doc_id,events,events_count,hiddeninput_gold,index,notpossible_gold,original_sentence,processed_sentence,sentence_id,tagged_events_gold,tokens
1893181917,9/3/2018 15:14:10,4026420967,9/3/2018 15:12:51,false,prodege,1,38202325,USA,ME,Limestone,98.13.82.121,,,"[""income fell""]",wsj_1033.tml,$ 10.1__129__135###reported__38__46###fell__72__76###$ 9.5__86__91,4,,,,"Separately, Esselte Business Systems reported third-quarter net income fell 5.9% to $9.5 million, or 46 cents a share, from $10.1 million, or 49 cents a share, in the year-ago period.","Separately , Esselte Business Systems reported third-quarter net income fell 5.9 % to $ 9.5 million , or 46 cents a share , from $ 10.1 million , or 49 cents a share , in the year-ago period . ",11,,39
1893181917,9/3/2018 22:54:31,4027532621,9/3/2018 22:52:01,false,instagc,1,29289135,CAN,QC,Saint-hubert,174.91.248.234,,,"[""net income fell""]",wsj_1033.tml,$ 10.1__129__135###reported__38__46###fell__72__76###$ 9.5__86__91,4,,,,"Separately, Esselte Business Systems reported third-quarter net income fell 5.9% to $9.5 million, or 46 cents a share, from $10.1 million, or 49 cents a share, in the year-ago period.","Separately , Esselte Business Systems reported third-quarter net income fell 5.9 % to $ 9.5 million , or 46 cents a share , from $ 10.1 million , or 49 cents a share , in the year-ago period . ",11,,39
1893181917,9/3/2018 20:31:41,4027187889,9/3/2018 20:30:40,false,tremorgames,1,36826029,CAN,ON,Windsor,64.228.69.36,,,"[""reported third-quarter net income fell 5.9 % to $ 9.5 million , or 46 cents a share , from $ 10.1 million , or 49 cents a share , in the year-ago period""]",wsj_1033.tml,$ 10.1__129__135###reported__38__46###fell__72__76###$ 9.5__86__91,4,,,,"Separately, Esselte Business Systems reported third-quarter net income fell 5.9% to $9.5 million, or 46 cents a share, from $10.1 million, or 49 cents a share, in the year-ago period.","Separately , Esselte Business Systems reported third-quarter net income fell 5.9 % to $ 9.5 million , or 46 cents a share , from $ 10.1 million , or 49 cents a share , in the year-ago period . ",11,,39
1893181917,9/3/2018 15:34:54,4026462508,9/3/2018 15:34:45,false,prodege,1,3587109,CAN,NS,Inverness,99.192.28.178,,,"[""reported third-quarter net income fell""]",wsj_1033.tml,$ 10.1__129__135###reported__38__46###fell__72__76###$ 9.5__86__91,4,,,,"Separately, Esselte Business Systems reported third-quarter net income fell 5.9% to $9.5 million, or 46 cents a share, from $10.1 million, or 49 cents a share, in the year-ago period.","Separately , Esselte Business Systems reported third-quarter net income fell 5.9 % to $ 9.5 million , or 46 cents a share , from $ 10.1 million , or 49 cents a share , in the year-ago period . ",11,,39
1893181917,9/3/2018 20:08:35,4027120383,9/3/2018 20:07:44,false,prodege,1,18972023,GBR,C9,Carlisle,146.198.63.229,,,"[""reported third-quarter""]",wsj_1033.tml,$ 10.1__129__135###reported__38__46###fell__72__76###$ 9.5__86__91,4,,,,"Separately, Esselte Business Systems reported third-quarter net income fell 5.9% to $9.5 million, or 46 cents a share, from $10.1 million, or 49 cents a share, in the year-ago period.","Separately , Esselte Business Systems reported third-quarter net income fell 5.9 % to $ 9.5 million , or 46 cents a share , from $ 10.1 million , or 49 cents a share , in the year-ago period . ",11,,39
1893181917,9/3/2018 20:40:51,4027219929,9/3/2018 20:39:06,false,clixsense,1,6413571,USA,FL,Mount Dora,76.4.108.56,,,"[""reported"",""fell"",""year-ago""]",wsj_1033.tml,$ 10.1__129__135###reported__38__46###fell__72__76###$ 9.5__86__91,4,,,,"Separately, Esselte Business Systems reported third-quarter net income fell 5.9% to $9.5 million, or 46 cents a share, from $10.1 million, or 49 cents a share, in the year-ago period.","Separately , Esselte Business Systems reported third-quarter net income fell 5.9 % to $ 9.5 million , or 46 cents a share , from $ 10.1 million , or 49 cents a share , in the year-ago period . ",11,,39
1893181917,9/3/2018 15:22:58,4026438767,9/3/2018 15:21:58,false,elite,1,39017656,CAN,BC,Kelowna,24.71.170.141,,,"[""reported"",""fell""]",wsj_1033.tml,$ 10.1__129__135###reported__38__46###fell__72__76###$ 9.5__86__91,4,,,,"Separately, Esselte Business Systems reported third-quarter net income fell 5.9% to $9.5 million, or 46 cents a share, from $10.1 million, or 49 cents a share, in the year-ago period.","Separately , Esselte Business Systems reported third-quarter net income fell 5.9 % to $ 9.5 million , or 46 cents a share , from $ 10.1 million , or 49 cents a share , in the year-ago period . ",11,,39
1893181917,9/3/2018 16:06:54,4026520021,9/3/2018 16:06:39,false,instagc,1,39127197,GBR,N9,Swindon,151.228.218.179,,,"[""reported"",""fell""]",wsj_1033.tml,$ 10.1__129__135###reported__38__46###fell__72__76###$ 9.5__86__91,4,,,,"Separately, Esselte Business Systems reported third-quarter net income fell 5.9% to $9.5 million, or 46 cents a share, from $10.1 million, or 49 cents a share, in the year-ago period.","Separately , Esselte Business Systems reported third-quarter net income fell 5.9 % to $ 9.5 million , or 46 cents a share , from $ 10.1 million , or 49 cents a share , in the year-ago period . ",11,,39
1893181917,9/3/2018 16:53:12,4026626020,9/3/2018 16:52:28,false,prodege,1,11131207,CAN,ON,Ajax,99.231.237.220,,,"[""reported"",""fell""]",wsj_1033.tml,$ 10.1__129__135###reported__38__46###fell__72__76###$ 9.5__86__91,4,,,,"Separately, Esselte Business Systems reported third-quarter net income fell 5.9% to $9.5 million, or 46 cents a share, from $10.1 million, or 49 cents a share, in the year-ago period.","Separately , Esselte Business Systems reported third-quarter net income fell 5.9 % to $ 9.5 million , or 46 cents a share , from $ 10.1 million , or 49 cents a share , in the year-ago period . ",11,,39
1893181917,9/3/2018 17:14:08,4026671629,9/3/2018 17:13:57,false,elite,1,31883685,GBR,I2,Manchester,2.98.53.46,,,"[""reported"",""fell""]",wsj_1033.tml,$ 10.1__129__135###reported__38__46###fell__72__76###$ 9.5__86__91,4,,,,"Separately, Esselte Business Systems reported third-quarter net income fell 5.9% to $9.5 million, or 46 cents a share, from $10.1 million, or 49 cents a share, in the year-ago period.","Separately , Esselte Business Systems reported third-quarter net income fell 5.9 % to $ 9.5 million , or 46 cents a share , from $ 10.1 million , or 49 cents a share , in the year-ago period . ",11,,39
1893181917,9/3/2018 19:14:16,4026970415,9/3/2018 19:12:14,false,clixsense,1,44255568,USA,NY,Ithaca,68.175.152.222,,,"[""reported"",""fell""]",wsj_1033.tml,$ 10.1__129__135###reported__38__46###fell__72__76###$ 9.5__86__91,4,,,,"Separately, Esselte Business Systems reported third-quarter net income fell 5.9% to $9.5 million, or 46 cents a share, from $10.1 million, or 49 cents a share, in the year-ago period.","Separately , Esselte Business Systems reported third-quarter net income fell 5.9 % to $ 9.5 million , or 46 cents a share , from $ 10.1 million , or 49 cents a share , in the year-ago period . ",11,,39
1893181917,9/4/2018 01:25:18,4027827122,9/4/2018 01:24:21,false,instagc,1,34534543,USA,NY,Staten Island,100.37.15.137,,,"[""reported"",""fell""]",wsj_1033.tml,$ 10.1__129__135###reported__38__46###fell__72__76###$ 9.5__86__91,4,,,,"Separately, Esselte Business Systems reported third-quarter net income fell 5.9% to $9.5 million, or 46 cents a share, from $10.1 million, or 49 cents a share, in the year-ago period.","Separately , Esselte Business Systems reported third-quarter net income fell 5.9 % to $ 9.5 million , or 46 cents a share , from $ 10.1 million , or 49 cents a share , in the year-ago period . ",11,,39
1893181917,9/3/2018 16:32:18,4026576843,9/3/2018 16:31:50,false,prodege,1,27934334,GBR,H9,London,86.187.170.79,,,"[""reported"",""income fell""]",wsj_1033.tml,$ 10.1__129__135###reported__38__46###fell__72__76###$ 9.5__86__91,4,,,,"Separately, Esselte Business Systems reported third-quarter net income fell 5.9% to $9.5 million, or 46 cents a share, from $10.1 million, or 49 cents a share, in the year-ago period.","Separately , Esselte Business Systems reported third-quarter net income fell 5.9 % to $ 9.5 million , or 46 cents a share , from $ 10.1 million , or 49 cents a share , in the year-ago period . ",11,,39
1893181917,9/3/2018 18:29:54,4026855185,9/3/2018 18:29:16,false,instagc,1,21551272,GBR,X7,Ammanford,92.26.241.75,,,"[""reported"",""income"",""fell""]",wsj_1033.tml,$ 10.1__129__135###reported__38__46###fell__72__76###$ 9.5__86__91,4,,,,"Separately, Esselte Business Systems reported third-quarter net income fell 5.9% to $9.5 million, or 46 cents a share, from $10.1 million, or 49 cents a share, in the year-ago period.","Separately , Esselte Business Systems reported third-quarter net income fell 5.9 % to $ 9.5 million , or 46 cents a share , from $ 10.1 million , or 49 cents a share , in the year-ago period . ",11,,39
1893181917,9/4/2018 00:23:14,4027711121,9/4/2018 00:22:36,false,gifthunterclub,1,44453708,CAN,BC,Coquitlam,71.19.251.144,,,"[""reported"",""third-quarter"",""net"",""income"",""fell"",""year-ago"",""period""]",wsj_1033.tml,$ 10.1__129__135###reported__38__46###fell__72__76###$ 9.5__86__91,4,,,,"Separately, Esselte Business Systems reported third-quarter net income fell 5.9% to $9.5 million, or 46 cents a share, from $10.1 million, or 49 cents a share, in the year-ago period.","Separately , Esselte Business Systems reported third-quarter net income fell 5.9 % to $ 9.5 million , or 46 cents a share , from $ 10.1 million , or 49 cents a share , in the year-ago period . ",11,,39
1893181917,9/3/2018 17:11:02,4026664434,9/3/2018 17:08:52,false,neodev,1,41746613,GBR,M2,Solihull,90.254.78.191,,,"[""reported""]",wsj_1033.tml,$ 10.1__129__135###reported__38__46###fell__72__76###$ 9.5__86__91,4,,,,"Separately, Esselte Business Systems reported third-quarter net income fell 5.9% to $9.5 million, or 46 cents a share, from $10.1 million, or 49 cents a share, in the year-ago period.","Separately , Esselte Business Systems reported third-quarter net income fell 5.9 % to $ 9.5 million , or 46 cents a share , from $ 10.1 million , or 49 cents a share , in the year-ago period . ",11,,39
1893181917,9/3/2018 21:24:18,4027329370,9/3/2018 21:23:53,false,instagc,1,27770607,USA,TX,El Paso,68.201.53.229,,,"[""reported""]",wsj_1033.tml,$ 10.1__129__135###reported__38__46###fell__72__76###$ 9.5__86__91,4,,,,"Separately, Esselte Business Systems reported third-quarter net income fell 5.9% to $9.5 million, or 46 cents a share, from $10.1 million, or 49 cents a share, in the year-ago period.","Separately , Esselte Business Systems reported third-quarter net income fell 5.9 % to $ 9.5 million , or 46 cents a share , from $ 10.1 million , or 49 cents a share , in the year-ago period . ",11,,39
1893181917,9/3/2018 21:53:24,4027398678,9/3/2018 21:51:54,false,fusioncash,1,41545007,USA,NV,Las Vegas,24.120.53.14,,,"[""Separately"",""reported third-quarter net income""]",wsj_1033.tml,$ 10.1__129__135###reported__38__46###fell__72__76###$ 9.5__86__91,4,,,,"Separately, Esselte Business Systems reported third-quarter net income fell 5.9% to $9.5 million, or 46 cents a share, from $10.1 million, or 49 cents a share, in the year-ago period.","Separately , Esselte Business Systems reported third-quarter net income fell 5.9 % to $ 9.5 million , or 46 cents a share , from $ 10.1 million , or 49 cents a share , in the year-ago period . ",11,,39
1893181917,9/3/2018 17:55:24,4026767701,9/3/2018 17:55:01,false,prodege,1,1924522,USA,NY,New York,108.54.54.93,,,"[""Separately"",""reported""]",wsj_1033.tml,$ 10.1__129__135###reported__38__46###fell__72__76###$ 9.5__86__91,4,,,,"Separately, Esselte Business Systems reported third-quarter net income fell 5.9% to $9.5 million, or 46 cents a share, from $10.1 million, or 49 cents a share, in the year-ago period.","Separately , Esselte Business Systems reported third-quarter net income fell 5.9 % to $ 9.5 million , or 46 cents a share , from $ 10.1 million , or 49 cents a share , in the year-ago period . ",11,,39
1893181917,9/3/2018 20:55:32,4027262567,9/3/2018 20:55:25,false,neodev,1,44809353,USA,NJ,Jersey City,206.189.233.136,,,"[""third-quarter""]",wsj_1033.tml,$ 10.1__129__135###reported__38__46###fell__72__76###$ 9.5__86__91,4,,,,"Separately, Esselte Business Systems reported third-quarter net income fell 5.9% to $9.5 million, or 46 cents a share, from $10.1 million, or 49 cents a share, in the year-ago period.","Separately , Esselte Business Systems reported third-quarter net income fell 5.9 % to $ 9.5 million , or 46 cents a share , from $ 10.1 million , or 49 cents a share , in the year-ago period . ",11,,39
1893181918,9/3/2018 20:42:10,4027224533,9/3/2018 20:40:54,false,clixsense,1,6413571,USA,FL,Mount Dora,76.4.108.56,,,"[""held"",""20"",""years"",""anti-abortion movement""]",APW19990607.0041.tml,purports__5__13###be__17__19###said__179__183###been__111__115###held__78__82,5,,,,"Kopp purports to be a devout Roman Catholic, and the majority of jobs he has held over the past 20 years have been related to the anti-abortion movement, the Justice Department said in a news release.","Kopp purports to be a devout Roman Catholic , and the majority of jobs he has held over the past 20 years have been related to the anti-abortion movement , the Justice Department said in a news release . ",14,,39
1893181918,9/3/2018 19:15:39,4026974179,9/3/2018 19:14:17,false,clixsense,1,44255568,USA,NY,Ithaca,68.175.152.222,,,"[""held"",""anti-abortion"",""movement"",""said""]",APW19990607.0041.tml,purports__5__13###be__17__19###said__179__183###been__111__115###held__78__82,5,,,,"Kopp purports to be a devout Roman Catholic, and the majority of jobs he has held over the past 20 years have been related to the anti-abortion movement, the Justice Department said in a news release.","Kopp purports to be a devout Roman Catholic , and the majority of jobs he has held over the past 20 years have been related to the anti-abortion movement , the Justice Department said in a news release . ",14,,39
1893181918,9/3/2018 20:09:07,4027121738,9/3/2018 20:08:36,false,prodege,1,18972023,GBR,C9,Carlisle,146.198.63.229,,,"[""jobs he has held over the past 20 years have been related to the anti-abortion movement""]",APW19990607.0041.tml,purports__5__13###be__17__19###said__179__183###been__111__115###held__78__82,5,,,,"Kopp purports to be a devout Roman Catholic, and the majority of jobs he has held over the past 20 years have been related to the anti-abortion movement, the Justice Department said in a news release.","Kopp purports to be a devout Roman Catholic , and the majority of jobs he has held over the past 20 years have been related to the anti-abortion movement , the Justice Department said in a news release . ",14,,39
1893181918,9/3/2018 22:54:56,4027533702,9/3/2018 22:54:34,false,instagc,1,29289135,CAN,QC,Saint-hubert,174.91.248.234,,,"[""jobs he has held""]",APW19990607.0041.tml,purports__5__13###be__17__19###said__179__183###been__111__115###held__78__82,5,,,,"Kopp purports to be a devout Roman Catholic, and the majority of jobs he has held over the past 20 years have been related to the anti-abortion movement, the Justice Department said in a news release.","Kopp purports to be a devout Roman Catholic , and the majority of jobs he has held over the past 20 years have been related to the anti-abortion movement , the Justice Department said in a news release . ",14,,39
1893181918,9/3/2018 15:15:12,4026423094,9/3/2018 15:14:11,false,prodege,1,38202325,USA,ME,Limestone,98.13.82.121,,,"[""jobs"",""anti-abortion movement"",""news release""]",APW19990607.0041.tml,purports__5__13###be__17__19###said__179__183###been__111__115###held__78__82,5,,,,"Kopp purports to be a devout Roman Catholic, and the majority of jobs he has held over the past 20 years have been related to the anti-abortion movement, the Justice Department said in a news release.","Kopp purports to be a devout Roman Catholic , and the majority of jobs he has held over the past 20 years have been related to the anti-abortion movement , the Justice Department said in a news release . ",14,,39
1893181918,9/4/2018 03:30:27,4028059854,9/4/2018 03:29:32,false,prodege,1,22716106,CAN,SK,Saskatoon,207.195.120.146,,,"[""jobs"",""anti-abortion movement""]",APW19990607.0041.tml,purports__5__13###be__17__19###said__179__183###been__111__115###held__78__82,5,,,,"Kopp purports to be a devout Roman Catholic, and the majority of jobs he has held over the past 20 years have been related to the anti-abortion movement, the Justice Department said in a news release.","Kopp purports to be a devout Roman Catholic , and the majority of jobs he has held over the past 20 years have been related to the anti-abortion movement , the Justice Department said in a news release . ",14,,39
1893181918,9/4/2018 00:24:15,4027712801,9/4/2018 00:23:18,false,gifthunterclub,1,44453708,CAN,BC,Coquitlam,71.19.251.144,,,"[""jobs"",""he"",""has"",""held"",""over"",""the"",""past"",""20"",""years"",""been"",""related"",""anti-abortion"",""movement""]",APW19990607.0041.tml,purports__5__13###be__17__19###said__179__183###been__111__115###held__78__82,5,,,,"Kopp purports to be a devout Roman Catholic, and the majority of jobs he has held over the past 20 years have been related to the anti-abortion movement, the Justice Department said in a news release.","Kopp purports to be a devout Roman Catholic , and the majority of jobs he has held over the past 20 years have been related to the anti-abortion movement , the Justice Department said in a news release . ",14,,39
1893181918,9/3/2018 18:30:27,4026856565,9/3/2018 18:29:56,false,instagc,1,21551272,GBR,X7,Ammanford,92.26.241.75,,,"[""Justice"",""Department"",""said""]",APW19990607.0041.tml,purports__5__13###be__17__19###said__179__183###been__111__115###held__78__82,5,,,,"Kopp purports to be a devout Roman Catholic, and the majority of jobs he has held over the past 20 years have been related to the anti-abortion movement, the Justice Department said in a news release.","Kopp purports to be a devout Roman Catholic , and the majority of jobs he has held over the past 20 years have been related to the anti-abortion movement , the Justice Department said in a news release . ",14,,39
1893181918,9/3/2018 15:35:07,4026462904,9/3/2018 15:34:55,false,prodege,1,3587109,CAN,NS,Inverness,99.192.28.178,,,"[""purports to be a devout Roman Catholic""]",APW19990607.0041.tml,purports__5__13###be__17__19###said__179__183###been__111__115###held__78__82,5,,,,"Kopp purports to be a devout Roman Catholic, and the majority of jobs he has held over the past 20 years have been related to the anti-abortion movement, the Justice Department said in a news release.","Kopp purports to be a devout Roman Catholic , and the majority of jobs he has held over the past 20 years have been related to the anti-abortion movement , the Justice Department said in a news release . ",14,,39
1893181918,9/3/2018 15:23:53,4026440619,9/3/2018 15:23:00,false,elite,1,39017656,CAN,BC,Kelowna,24.71.170.141,,,"[""purports"",""has held over"",""anti-abortion"",""movement"",""news release""]",APW19990607.0041.tml,purports__5__13###be__17__19###said__179__183###been__111__115###held__78__82,5,,,,"Kopp purports to be a devout Roman Catholic, and the majority of jobs he has held over the past 20 years have been related to the anti-abortion movement, the Justice Department said in a news release.","Kopp purports to be a devout Roman Catholic , and the majority of jobs he has held over the past 20 years have been related to the anti-abortion movement , the Justice Department said in a news release . ",14,,39
1893181918,9/3/2018 16:32:46,4026577759,9/3/2018 16:32:20,false,prodege,1,27934334,GBR,H9,London,86.187.170.79,,,"[""purports"",""has held"",""said""]",APW19990607.0041.tml,purports__5__13###be__17__19###said__179__183###been__111__115###held__78__82,5,,,,"Kopp purports to be a devout Roman Catholic, and the majority of jobs he has held over the past 20 years have been related to the anti-abortion movement, the Justice Department said in a news release.","Kopp purports to be a devout Roman Catholic , and the majority of jobs he has held over the past 20 years have been related to the anti-abortion movement , the Justice Department said in a news release . ",14,,39
1893181918,9/4/2018 01:26:53,4027831308,9/4/2018 01:25:19,false,instagc,1,34534543,USA,NY,Staten Island,100.37.15.137,,,"[""purports"",""held"",""anti-abortion movement""]",APW19990607.0041.tml,purports__5__13###be__17__19###said__179__183###been__111__115###held__78__82,5,,,,"Kopp purports to be a devout Roman Catholic, and the majority of jobs he has held over the past 20 years have been related to the anti-abortion movement, the Justice Department said in a news release.","Kopp purports to be a devout Roman Catholic , and the majority of jobs he has held over the past 20 years have been related to the anti-abortion movement , the Justice Department said in a news release . ",14,,39
1893181918,9/3/2018 17:55:50,4026768821,9/3/2018 17:55:25,false,prodege,1,1924522,USA,NY,New York,108.54.54.93,,,"[""purports"",""held"",""said"",""news release""]",APW19990607.0041.tml,purports__5__13###be__17__19###said__179__183###been__111__115###held__78__82,5,,,,"Kopp purports to be a devout Roman Catholic, and the majority of jobs he has held over the past 20 years have been related to the anti-abortion movement, the Justice Department said in a news release.","Kopp purports to be a devout Roman Catholic , and the majority of jobs he has held over the past 20 years have been related to the anti-abortion movement , the Justice Department said in a news release . ",14,,39
1893181918,9/3/2018 16:53:55,4026627702,9/3/2018 16:53:13,false,prodege,1,11131207,CAN,ON,Ajax,99.231.237.220,,,"[""purports"",""jobs he has held"",""said""]",APW19990607.0041.tml,purports__5__13###be__17__19###said__179__183###been__111__115###held__78__82,5,,,,"Kopp purports to be a devout Roman Catholic, and the majority of jobs he has held over the past 20 years have been related to the anti-abortion movement, the Justice Department said in a news release.","Kopp purports to be a devout Roman Catholic , and the majority of jobs he has held over the past 20 years have been related to the anti-abortion movement , the Justice Department said in a news release . ",14,,39
1893181918,9/3/2018 21:56:00,4027404248,9/3/2018 21:53:26,false,fusioncash,1,41545007,USA,NV,Las Vegas,24.120.53.14,,,"[""purports"",""jobs"",""jobs"",""has"",""held""]",APW19990607.0041.tml,purports__5__13###be__17__19###said__179__183###been__111__115###held__78__82,5,,,,"Kopp purports to be a devout Roman Catholic, and the majority of jobs he has held over the past 20 years have been related to the anti-abortion movement, the Justice Department said in a news release.","Kopp purports to be a devout Roman Catholic , and the majority of jobs he has held over the past 20 years have been related to the anti-abortion movement , the Justice Department said in a news release . ",14,,39
1893181918,9/3/2018 16:07:12,4026520630,9/3/2018 16:06:55,false,instagc,1,39127197,GBR,N9,Swindon,151.228.218.179,,,"[""purports"",""majority"",""jobs"",""said""]",APW19990607.0041.tml,purports__5__13###be__17__19###said__179__183###been__111__115###held__78__82,5,,,,"Kopp purports to be a devout Roman Catholic, and the majority of jobs he has held over the past 20 years have been related to the anti-abortion movement, the Justice Department said in a news release.","Kopp purports to be a devout Roman Catholic , and the majority of jobs he has held over the past 20 years have been related to the anti-abortion movement , the Justice Department said in a news release . ",14,,39
1893181918,9/3/2018 17:14:24,4026672339,9/3/2018 17:14:10,false,elite,1,31883685,GBR,I2,Manchester,2.98.53.46,,,"[""purports"",""said"",""news release""]",APW19990607.0041.tml,purports__5__13###be__17__19###said__179__183###been__111__115###held__78__82,5,,,,"Kopp purports to be a devout Roman Catholic, and the majority of jobs he has held over the past 20 years have been related to the anti-abortion movement, the Justice Department said in a news release.","Kopp purports to be a devout Roman Catholic , and the majority of jobs he has held over the past 20 years have been related to the anti-abortion movement , the Justice Department said in a news release . ",14,,39
1893181918,9/3/2018 20:55:47,4027263308,9/3/2018 20:55:34,false,neodev,1,44809353,USA,NJ,Jersey City,206.189.233.136,,,"[""related""]",APW19990607.0041.tml,purports__5__13###be__17__19###said__179__183###been__111__115###held__78__82,5,,,,"Kopp purports to be a devout Roman Catholic, and the majority of jobs he has held over the past 20 years have been related to the anti-abortion movement, the Justice Department said in a news release.","Kopp purports to be a devout Roman Catholic , and the majority of jobs he has held over the past 20 years have been related to the anti-abortion movement , the Justice Department said in a news release . ",14,,39
1893181918,9/4/2018 04:15:35,4028144439,9/4/2018 04:14:55,false,neodev,1,11063039,GBR,I7,Newcastle Upon Tyne,92.5.194.18,,,"[""Roman"",""Catholic"",""Catholic"",""majority"",""Justice"",""Department""]",APW19990607.0041.tml,purports__5__13###be__17__19###said__179__183###been__111__115###held__78__82,5,,,,"Kopp purports to be a devout Roman Catholic, and the majority of jobs he has held over the past 20 years have been related to the anti-abortion movement, the Justice Department said in a news release.","Kopp purports to be a devout Roman Catholic , and the majority of jobs he has held over the past 20 years have been related to the anti-abortion movement , the Justice Department said in a news release . ",14,,39
1893181918,9/3/2018 20:32:21,4027190618,9/3/2018 20:31:42,false,tremorgames,1,36826029,CAN,ON,Windsor,64.228.69.36,,,"[""the majority of jobs he has held over the past 20 years have been related to the anti-abortion movement""]",APW19990607.0041.tml,purports__5__13###be__17__19###said__179__183###been__111__115###held__78__82,5,,,,"Kopp purports to be a devout Roman Catholic, and the majority of jobs he has held over the past 20 years have been related to the anti-abortion movement, the Justice Department said in a news release.","Kopp purports to be a devout Roman Catholic , and the majority of jobs he has held over the past 20 years have been related to the anti-abortion movement , the Justice Department said in a news release . ",14,,39
1893181919,9/4/2018 04:15:51,4028144887,9/4/2018 04:15:37,false,neodev,1,11063039,GBR,I7,Newcastle Upon Tyne,92.5.194.18,,,"[""Christians"",""Spitz"",""Associated"",""Press""]",NYT19981025.0216.tml,protect__45__52###murdered__77__85###said__97__101###released__117__125###have__20__24###want__177__181###protect__45__52,7,,,,"``We as Christians have a responsibility to protect the innocent from being murdered,'' Spitz said in a statement released to The Associated Press, ``the same way we would want someone to protect us.","`` We as Christians have a responsibility to protect the innocent from being murdered , '' Spitz said in a statement released to The Associated Press , `` the same way we would want someone to protect us . ",14,,39
1893181919,9/3/2018 15:35:19,4026463297,9/3/2018 15:35:09,false,prodege,1,3587109,CAN,NS,Inverness,99.192.28.178,,,"[""have a responsibility to protect the innocent""]",NYT19981025.0216.tml,protect__45__52###murdered__77__85###said__97__101###released__117__125###have__20__24###want__177__181###protect__45__52,7,,,,"``We as Christians have a responsibility to protect the innocent from being murdered,'' Spitz said in a statement released to The Associated Press, ``the same way we would want someone to protect us.","`` We as Christians have a responsibility to protect the innocent from being murdered , '' Spitz said in a statement released to The Associated Press , `` the same way we would want someone to protect us . ",14,,39
1893181919,9/3/2018 22:55:18,4027534328,9/3/2018 22:54:58,false,instagc,1,29289135,CAN,QC,Saint-hubert,174.91.248.234,,,"[""protect the innocent from being murdered""]",NYT19981025.0216.tml,protect__45__52###murdered__77__85###said__97__101###released__117__125###have__20__24###want__177__181###protect__45__52,7,,,,"``We as Christians have a responsibility to protect the innocent from being murdered,'' Spitz said in a statement released to The Associated Press, ``the same way we would want someone to protect us.","`` We as Christians have a responsibility to protect the innocent from being murdered , '' Spitz said in a statement released to The Associated Press , `` the same way we would want someone to protect us . ",14,,39
1893181919,9/3/2018 17:56:32,4026770264,9/3/2018 17:55:51,false,prodege,1,1924522,USA,NY,New York,108.54.54.93,,,"[""protect the innocent"",""being murdered"",""statement released"",""protect us""]",NYT19981025.0216.tml,protect__45__52###murdered__77__85###said__97__101###released__117__125###have__20__24###want__177__181###protect__45__52,7,,,,"``We as Christians have a responsibility to protect the innocent from being murdered,'' Spitz said in a statement released to The Associated Press, ``the same way we would want someone to protect us.","`` We as Christians have a responsibility to protect the innocent from being murdered , '' Spitz said in a statement released to The Associated Press , `` the same way we would want someone to protect us . ",14,,39
1893181919,9/3/2018 15:16:35,4026426061,9/3/2018 15:15:13,false,prodege,1,38202325,USA,ME,Limestone,98.13.82.121,,,"[""protect the innocent"",""murdered"",""statement released""]",NYT19981025.0216.tml,protect__45__52###murdered__77__85###said__97__101###released__117__125###have__20__24###want__177__181###protect__45__52,7,,,,"``We as Christians have a responsibility to protect the innocent from being murdered,'' Spitz said in a statement released to The Associated Press, ``the same way we would want someone to protect us.","`` We as Christians have a responsibility to protect the innocent from being murdered , '' Spitz said in a statement released to The Associated Press , `` the same way we would want someone to protect us . ",14,,39
1893181919,9/4/2018 00:24:55,4027714074,9/4/2018 00:24:20,false,gifthunterclub,1,44453708,CAN,BC,Coquitlam,71.19.251.144,,,"[""protect"",""being"",""murdered""]",NYT19981025.0216.tml,protect__45__52###murdered__77__85###said__97__101###released__117__125###have__20__24###want__177__181###protect__45__52,7,,,,"``We as Christians have a responsibility to protect the innocent from being murdered,'' Spitz said in a statement released to The Associated Press, ``the same way we would want someone to protect us.","`` We as Christians have a responsibility to protect the innocent from being murdered , '' Spitz said in a statement released to The Associated Press , `` the same way we would want someone to protect us . ",14,,39
1893181919,9/4/2018 03:31:02,4028060968,9/4/2018 03:30:28,false,prodege,1,22716106,CAN,SK,Saskatoon,207.195.120.146,,,"[""protect"",""murdered"",""protect""]",NYT19981025.0216.tml,protect__45__52###murdered__77__85###said__97__101###released__117__125###have__20__24###want__177__181###protect__45__52,7,,,,"``We as Christians have a responsibility to protect the innocent from being murdered,'' Spitz said in a statement released to The Associated Press, ``the same way we would want someone to protect us.","`` We as Christians have a responsibility to protect the innocent from being murdered , '' Spitz said in a statement released to The Associated Press , `` the same way we would want someone to protect us . ",14,,39
1893181919,9/3/2018 15:24:49,4026442884,9/3/2018 15:23:54,false,elite,1,39017656,CAN,BC,Kelowna,24.71.170.141,,,"[""protect"",""murdered"",""said"",""released"",""protect""]",NYT19981025.0216.tml,protect__45__52###murdered__77__85###said__97__101###released__117__125###have__20__24###want__177__181###protect__45__52,7,,,,"``We as Christians have a responsibility to protect the innocent from being murdered,'' Spitz said in a statement released to The Associated Press, ``the same way we would want someone to protect us.","`` We as Christians have a responsibility to protect the innocent from being murdered , '' Spitz said in a statement released to The Associated Press , `` the same way we would want someone to protect us . ",14,,39
1893181919,9/4/2018 05:09:31,4028230021,9/4/2018 05:08:01,false,clixsense,1,28521374,USA,TX,Glen Rose,174.130.152.252,,,"[""protect"",""murdered"",""said"",""released"",""protect""]",NYT19981025.0216.tml,protect__45__52###murdered__77__85###said__97__101###released__117__125###have__20__24###want__177__181###protect__45__52,7,,,,"``We as Christians have a responsibility to protect the innocent from being murdered,'' Spitz said in a statement released to The Associated Press, ``the same way we would want someone to protect us.","`` We as Christians have a responsibility to protect the innocent from being murdered , '' Spitz said in a statement released to The Associated Press , `` the same way we would want someone to protect us . ",14,,39
1893181919,9/4/2018 01:27:23,4027832559,9/4/2018 01:26:53,false,instagc,1,34534543,USA,NY,Staten Island,100.37.15.137,,,"[""protect"",""murdered"",""said"",""released"",""want"",""protect""]",NYT19981025.0216.tml,protect__45__52###murdered__77__85###said__97__101###released__117__125###have__20__24###want__177__181###protect__45__52,7,,,,"``We as Christians have a responsibility to protect the innocent from being murdered,'' Spitz said in a statement released to The Associated Press, ``the same way we would want someone to protect us.","`` We as Christians have a responsibility to protect the innocent from being murdered , '' Spitz said in a statement released to The Associated Press , `` the same way we would want someone to protect us . ",14,,39
1893181919,9/3/2018 16:54:50,4026629935,9/3/2018 16:53:57,false,prodege,1,11131207,CAN,ON,Ajax,99.231.237.220,,,"[""protect"",""murdered"",""said""]",NYT19981025.0216.tml,protect__45__52###murdered__77__85###said__97__101###released__117__125###have__20__24###want__177__181###protect__45__52,7,,,,"``We as Christians have a responsibility to protect the innocent from being murdered,'' Spitz said in a statement released to The Associated Press, ``the same way we would want someone to protect us.","`` We as Christians have a responsibility to protect the innocent from being murdered , '' Spitz said in a statement released to The Associated Press , `` the same way we would want someone to protect us . ",14,,39
1893181919,9/3/2018 19:16:49,4026977141,9/3/2018 19:15:40,false,clixsense,1,44255568,USA,NY,Ithaca,68.175.152.222,,,"[""protect"",""murdered"",""statement"",""protect""]",NYT19981025.0216.tml,protect__45__52###murdered__77__85###said__97__101###released__117__125###have__20__24###want__177__181###protect__45__52,7,,,,"``We as Christians have a responsibility to protect the innocent from being murdered,'' Spitz said in a statement released to The Associated Press, ``the same way we would want someone to protect us.","`` We as Christians have a responsibility to protect the innocent from being murdered , '' Spitz said in a statement released to The Associated Press , `` the same way we would want someone to protect us . ",14,,39
1893181919,9/3/2018 17:14:46,4026673272,9/3/2018 17:14:25,false,elite,1,31883685,GBR,I2,Manchester,2.98.53.46,,,"[""protect"",""murdered"",""statement"",""released"",""protect""]",NYT19981025.0216.tml,protect__45__52###murdered__77__85###said__97__101###released__117__125###have__20__24###want__177__181###protect__45__52,7,,,,"``We as Christians have a responsibility to protect the innocent from being murdered,'' Spitz said in a statement released to The Associated Press, ``the same way we would want someone to protect us.","`` We as Christians have a responsibility to protect the innocent from being murdered , '' Spitz said in a statement released to The Associated Press , `` the same way we would want someone to protect us . ",14,,39
1893181919,9/3/2018 20:43:01,4027228133,9/3/2018 20:42:14,false,clixsense,1,6413571,USA,FL,Mount Dora,76.4.108.56,,,"[""responsibility"",""protect"",""murdered"",""released"",""protect""]",NYT19981025.0216.tml,protect__45__52###murdered__77__85###said__97__101###released__117__125###have__20__24###want__177__181###protect__45__52,7,,,,"``We as Christians have a responsibility to protect the innocent from being murdered,'' Spitz said in a statement released to The Associated Press, ``the same way we would want someone to protect us.","`` We as Christians have a responsibility to protect the innocent from being murdered , '' Spitz said in a statement released to The Associated Press , `` the same way we would want someone to protect us . ",14,,39
1893181919,9/3/2018 16:07:25,4026521088,9/3/2018 16:07:13,false,instagc,1,39127197,GBR,N9,Swindon,151.228.218.179,,,"[""responsibility"",""protect"",""murdered"",""released""]",NYT19981025.0216.tml,protect__45__52###murdered__77__85###said__97__101###released__117__125###have__20__24###want__177__181###protect__45__52,7,,,,"``We as Christians have a responsibility to protect the innocent from being murdered,'' Spitz said in a statement released to The Associated Press, ``the same way we would want someone to protect us.","`` We as Christians have a responsibility to protect the innocent from being murdered , '' Spitz said in a statement released to The Associated Press , `` the same way we would want someone to protect us . ",14,,39
1893181919,9/3/2018 20:56:20,4027264657,9/3/2018 20:55:49,false,neodev,1,44809353,USA,NJ,Jersey City,206.189.233.136,,,"[""responsibility""]",NYT19981025.0216.tml,protect__45__52###murdered__77__85###said__97__101###released__117__125###have__20__24###want__177__181###protect__45__52,7,,,,"``We as Christians have a responsibility to protect the innocent from being murdered,'' Spitz said in a statement released to The Associated Press, ``the same way we would want someone to protect us.","`` We as Christians have a responsibility to protect the innocent from being murdered , '' Spitz said in a statement released to The Associated Press , `` the same way we would want someone to protect us . ",14,,39
1893181919,9/3/2018 18:31:01,4026857710,9/3/2018 18:30:28,false,instagc,1,21551272,GBR,X7,Ammanford,92.26.241.75,,,"[""said in a statement""]",NYT19981025.0216.tml,protect__45__52###murdered__77__85###said__97__101###released__117__125###have__20__24###want__177__181###protect__45__52,7,,,,"``We as Christians have a responsibility to protect the innocent from being murdered,'' Spitz said in a statement released to The Associated Press, ``the same way we would want someone to protect us.","`` We as Christians have a responsibility to protect the innocent from being murdered , '' Spitz said in a statement released to The Associated Press , `` the same way we would want someone to protect us . ",14,,39
1893181919,9/3/2018 16:33:00,4026578311,9/3/2018 16:32:47,false,prodege,1,27934334,GBR,H9,London,86.187.170.79,,,"[""said"",""released""]",NYT19981025.0216.tml,protect__45__52###murdered__77__85###said__97__101###released__117__125###have__20__24###want__177__181###protect__45__52,7,,,,"``We as Christians have a responsibility to protect the innocent from being murdered,'' Spitz said in a statement released to The Associated Press, ``the same way we would want someone to protect us.","`` We as Christians have a responsibility to protect the innocent from being murdered , '' Spitz said in a statement released to The Associated Press , `` the same way we would want someone to protect us . ",14,,39
1893181919,9/3/2018 20:09:30,4027122560,9/3/2018 20:09:09,false,prodege,1,18972023,GBR,C9,Carlisle,146.198.63.229,,,"[""Spitz said in a statement""]",NYT19981025.0216.tml,protect__45__52###murdered__77__85###said__97__101###released__117__125###have__20__24###want__177__181###protect__45__52,7,,,,"``We as Christians have a responsibility to protect the innocent from being murdered,'' Spitz said in a statement released to The Associated Press, ``the same way we would want someone to protect us.","`` We as Christians have a responsibility to protect the innocent from being murdered , '' Spitz said in a statement released to The Associated Press , `` the same way we would want someone to protect us . ",14,,39
1893181919,9/3/2018 21:58:48,4027410008,9/3/2018 21:56:01,false,fusioncash,1,41545007,USA,NV,Las Vegas,24.120.53.14,,,"[""to protect"",""protect"",""Spitz said"",""Spitz"",""said""]",NYT19981025.0216.tml,protect__45__52###murdered__77__85###said__97__101###released__117__125###have__20__24###want__177__181###protect__45__52,7,,,,"``We as Christians have a responsibility to protect the innocent from being murdered,'' Spitz said in a statement released to The Associated Press, ``the same way we would want someone to protect us.","`` We as Christians have a responsibility to protect the innocent from being murdered , '' Spitz said in a statement released to The Associated Press , `` the same way we would want someone to protect us . ",14,,39
1893181920,9/4/2018 01:27:48,4027833617,9/4/2018 01:27:24,false,instagc,1,34534543,USA,NY,Staten Island,100.37.15.137,,,"[""death"",""debate"",""followed"",""question"",""opposed"",""abortions""]",NYT19981026.0446.tml,opposed__170__177###followed__122__130###was__17__20###raised__44__50###debate__72__78,5,,,,"Slepian's death was among the first topics raised in Saturday night's debate between the two men, and it was instantly followed by a question to D'Amato on whether he opposed first-trimester abortions for adult women.","Slepian 's death was among the first topics raised in Saturday night 's debate between the two men , and it was instantly followed by a question to D'Amato on whether he opposed first-trimester abortions for adult women . ",16,,39
1893181920,9/3/2018 20:44:03,4027232163,9/3/2018 20:43:04,false,clixsense,1,6413571,USA,FL,Mount Dora,76.4.108.56,,,"[""death"",""debate"",""instantly followed"",""question"",""opposed""]",NYT19981026.0446.tml,opposed__170__177###followed__122__130###was__17__20###raised__44__50###debate__72__78,5,,,,"Slepian's death was among the first topics raised in Saturday night's debate between the two men, and it was instantly followed by a question to D'Amato on whether he opposed first-trimester abortions for adult women.","Slepian 's death was among the first topics raised in Saturday night 's debate between the two men , and it was instantly followed by a question to D'Amato on whether he opposed first-trimester abortions for adult women . ",16,,39
1893181920,9/3/2018 16:56:24,4026633222,9/3/2018 16:54:51,false,prodege,1,11131207,CAN,ON,Ajax,99.231.237.220,,,"[""death"",""debate""]",NYT19981026.0446.tml,opposed__170__177###followed__122__130###was__17__20###raised__44__50###debate__72__78,5,,,,"Slepian's death was among the first topics raised in Saturday night's debate between the two men, and it was instantly followed by a question to D'Amato on whether he opposed first-trimester abortions for adult women.","Slepian 's death was among the first topics raised in Saturday night 's debate between the two men , and it was instantly followed by a question to D'Amato on whether he opposed first-trimester abortions for adult women . ",16,,39
1893181920,9/3/2018 22:55:44,4027535399,9/3/2018 22:55:20,false,instagc,1,29289135,CAN,QC,Saint-hubert,174.91.248.234,,,"[""death"",""debate""]",NYT19981026.0446.tml,opposed__170__177###followed__122__130###was__17__20###raised__44__50###debate__72__78,5,,,,"Slepian's death was among the first topics raised in Saturday night's debate between the two men, and it was instantly followed by a question to D'Amato on whether he opposed first-trimester abortions for adult women.","Slepian 's death was among the first topics raised in Saturday night 's debate between the two men , and it was instantly followed by a question to D'Amato on whether he opposed first-trimester abortions for adult women . ",16,,39
1893181920,9/3/2018 15:25:38,4026444594,9/3/2018 15:24:51,false,elite,1,39017656,CAN,BC,Kelowna,24.71.170.141,,,"[""death"",""raised"",""debate"",""followed"",""abortions""]",NYT19981026.0446.tml,opposed__170__177###followed__122__130###was__17__20###raised__44__50###debate__72__78,5,,,,"Slepian's death was among the first topics raised in Saturday night's debate between the two men, and it was instantly followed by a question to D'Amato on whether he opposed first-trimester abortions for adult women.","Slepian 's death was among the first topics raised in Saturday night 's debate between the two men , and it was instantly followed by a question to D'Amato on whether he opposed first-trimester abortions for adult women . ",16,,39
1893181920,9/3/2018 17:15:04,4026674172,9/3/2018 17:14:47,false,elite,1,31883685,GBR,I2,Manchester,2.98.53.46,,,"[""death"",""raised"",""debate"",""followed"",""question"",""opposed"",""abortions""]",NYT19981026.0446.tml,opposed__170__177###followed__122__130###was__17__20###raised__44__50###debate__72__78,5,,,,"Slepian's death was among the first topics raised in Saturday night's debate between the two men, and it was instantly followed by a question to D'Amato on whether he opposed first-trimester abortions for adult women.","Slepian 's death was among the first topics raised in Saturday night 's debate between the two men , and it was instantly followed by a question to D'Amato on whether he opposed first-trimester abortions for adult women . ",16,,39
1893181920,9/3/2018 16:33:26,4026579351,9/3/2018 16:33:02,false,prodege,1,27934334,GBR,H9,London,86.187.170.79,,,"[""death"",""raised"",""debate"",""followed""]",NYT19981026.0446.tml,opposed__170__177###followed__122__130###was__17__20###raised__44__50###debate__72__78,5,,,,"Slepian's death was among the first topics raised in Saturday night's debate between the two men, and it was instantly followed by a question to D'Amato on whether he opposed first-trimester abortions for adult women.","Slepian 's death was among the first topics raised in Saturday night 's debate between the two men , and it was instantly followed by a question to D'Amato on whether he opposed first-trimester abortions for adult women . ",16,,39
1893181920,9/3/2018 16:07:39,4026521411,9/3/2018 16:07:26,false,instagc,1,39127197,GBR,N9,Swindon,151.228.218.179,,,"[""death"",""raised"",""debate"",""instantly"",""followed"",""question"",""opposed""]",NYT19981026.0446.tml,opposed__170__177###followed__122__130###was__17__20###raised__44__50###debate__72__78,5,,,,"Slepian's death was among the first topics raised in Saturday night's debate between the two men, and it was instantly followed by a question to D'Amato on whether he opposed first-trimester abortions for adult women.","Slepian 's death was among the first topics raised in Saturday night 's debate between the two men , and it was instantly followed by a question to D'Amato on whether he opposed first-trimester abortions for adult women . ",16,,39
1893181920,9/4/2018 03:32:10,4028062883,9/4/2018 03:31:03,false,prodege,1,22716106,CAN,SK,Saskatoon,207.195.120.146,,,"[""death"",""Saturday night 's debate"",""followed"",""opposed"",""abortions""]",NYT19981026.0446.tml,opposed__170__177###followed__122__130###was__17__20###raised__44__50###debate__72__78,5,,,,"Slepian's death was among the first topics raised in Saturday night's debate between the two men, and it was instantly followed by a question to D'Amato on whether he opposed first-trimester abortions for adult women.","Slepian 's death was among the first topics raised in Saturday night 's debate between the two men , and it was instantly followed by a question to D'Amato on whether he opposed first-trimester abortions for adult women . ",16,,39
1893181920,9/3/2018 15:35:28,4026463591,9/3/2018 15:35:20,false,prodege,1,3587109,CAN,NS,Inverness,99.192.28.178,,,"[""first topics raised in Saturday night 's debate""]",NYT19981026.0446.tml,opposed__170__177###followed__122__130###was__17__20###raised__44__50###debate__72__78,5,,,,"Slepian's death was among the first topics raised in Saturday night's debate between the two men, and it was instantly followed by a question to D'Amato on whether he opposed first-trimester abortions for adult women.","Slepian 's death was among the first topics raised in Saturday night 's debate between the two men , and it was instantly followed by a question to D'Amato on whether he opposed first-trimester abortions for adult women . ",16,,39
1893181920,9/3/2018 20:56:42,4027265522,9/3/2018 20:56:21,false,neodev,1,44809353,USA,NJ,Jersey City,206.189.233.136,,,"[""first-trimester""]",NYT19981026.0446.tml,opposed__170__177###followed__122__130###was__17__20###raised__44__50###debate__72__78,5,,,,"Slepian's death was among the first topics raised in Saturday night's debate between the two men, and it was instantly followed by a question to D'Amato on whether he opposed first-trimester abortions for adult women.","Slepian 's death was among the first topics raised in Saturday night 's debate between the two men , and it was instantly followed by a question to D'Amato on whether he opposed first-trimester abortions for adult women . ",16,,39
1893181920,9/4/2018 05:10:32,4028232428,9/4/2018 05:09:32,false,clixsense,1,28521374,USA,TX,Glen Rose,174.130.152.252,,,"[""raised"",""debate"",""opposed"",""abortions""]",NYT19981026.0446.tml,opposed__170__177###followed__122__130###was__17__20###raised__44__50###debate__72__78,5,,,,"Slepian's death was among the first topics raised in Saturday night's debate between the two men, and it was instantly followed by a question to D'Amato on whether he opposed first-trimester abortions for adult women.","Slepian 's death was among the first topics raised in Saturday night 's debate between the two men , and it was instantly followed by a question to D'Amato on whether he opposed first-trimester abortions for adult women . ",16,,39
1893181920,9/3/2018 19:17:46,4026979767,9/3/2018 19:16:51,false,clixsense,1,44255568,USA,NY,Ithaca,68.175.152.222,,,"[""raised"",""debate"",""question"",""opposed""]",NYT19981026.0446.tml,opposed__170__177###followed__122__130###was__17__20###raised__44__50###debate__72__78,5,,,,"Slepian's death was among the first topics raised in Saturday night's debate between the two men, and it was instantly followed by a question to D'Amato on whether he opposed first-trimester abortions for adult women.","Slepian 's death was among the first topics raised in Saturday night 's debate between the two men , and it was instantly followed by a question to D'Amato on whether he opposed first-trimester abortions for adult women . ",16,,39
1893181920,9/3/2018 22:00:13,4027412648,9/3/2018 21:58:50,false,fusioncash,1,41545007,USA,NV,Las Vegas,24.120.53.14,,,"[""raised"",""Saturday night 's debate"",""followed by a question"",""opposed"",""abortions""]",NYT19981026.0446.tml,opposed__170__177###followed__122__130###was__17__20###raised__44__50###debate__72__78,5,,,,"Slepian's death was among the first topics raised in Saturday night's debate between the two men, and it was instantly followed by a question to D'Amato on whether he opposed first-trimester abortions for adult women.","Slepian 's death was among the first topics raised in Saturday night 's debate between the two men , and it was instantly followed by a question to D'Amato on whether he opposed first-trimester abortions for adult women . ",16,,39
1893181920,9/3/2018 20:10:55,4027126665,9/3/2018 20:09:31,false,prodege,1,18972023,GBR,C9,Carlisle,146.198.63.229,,,"[""Slepian 's death was among the first topics raised in Saturday""]",NYT19981026.0446.tml,opposed__170__177###followed__122__130###was__17__20###raised__44__50###debate__72__78,5,,,,"Slepian's death was among the first topics raised in Saturday night's debate between the two men, and it was instantly followed by a question to D'Amato on whether he opposed first-trimester abortions for adult women.","Slepian 's death was among the first topics raised in Saturday night 's debate between the two men , and it was instantly followed by a question to D'Amato on whether he opposed first-trimester abortions for adult women . ",16,,39
1893181920,9/3/2018 15:17:21,4026427624,9/3/2018 15:16:37,false,prodege,1,38202325,USA,ME,Limestone,98.13.82.121,,,"[""Slepian 's death"",""raised"",""debate"",""followed"",""question"",""opposed"",""first-trimester abortions""]",NYT19981026.0446.tml,opposed__170__177###followed__122__130###was__17__20###raised__44__50###debate__72__78,5,,,,"Slepian's death was among the first topics raised in Saturday night's debate between the two men, and it was instantly followed by a question to D'Amato on whether he opposed first-trimester abortions for adult women.","Slepian 's death was among the first topics raised in Saturday night 's debate between the two men , and it was instantly followed by a question to D'Amato on whether he opposed first-trimester abortions for adult women . ",16,,39
1893181920,9/3/2018 17:57:09,4026771514,9/3/2018 17:56:33,false,prodege,1,1924522,USA,NY,New York,108.54.54.93,,,"[""Slepian 's death"",""topics raised"",""debate"",""followed by a question""]",NYT19981026.0446.tml,opposed__170__177###followed__122__130###was__17__20###raised__44__50###debate__72__78,5,,,,"Slepian's death was among the first topics raised in Saturday night's debate between the two men, and it was instantly followed by a question to D'Amato on whether he opposed first-trimester abortions for adult women.","Slepian 's death was among the first topics raised in Saturday night 's debate between the two men , and it was instantly followed by a question to D'Amato on whether he opposed first-trimester abortions for adult women . ",16,,39
1893181920,9/4/2018 04:16:04,4028145229,9/4/2018 04:15:52,false,neodev,1,11063039,GBR,I7,Newcastle Upon Tyne,92.5.194.18,,,"[""Slepian"",""D'Amato"",""first-trimester""]",NYT19981026.0446.tml,opposed__170__177###followed__122__130###was__17__20###raised__44__50###debate__72__78,5,,,,"Slepian's death was among the first topics raised in Saturday night's debate between the two men, and it was instantly followed by a question to D'Amato on whether he opposed first-trimester abortions for adult women.","Slepian 's death was among the first topics raised in Saturday night 's debate between the two men , and it was instantly followed by a question to D'Amato on whether he opposed first-trimester abortions for adult women . ",16,,39
1893181920,9/4/2018 00:25:29,4027715145,9/4/2018 00:25:00,false,gifthunterclub,1,44453708,CAN,BC,Coquitlam,71.19.251.144,,,"[""Slepian"",""death"",""opposed"",""abortions""]",NYT19981026.0446.tml,opposed__170__177###followed__122__130###was__17__20###raised__44__50###debate__72__78,5,,,,"Slepian's death was among the first topics raised in Saturday night's debate between the two men, and it was instantly followed by a question to D'Amato on whether he opposed first-trimester abortions for adult women.","Slepian 's death was among the first topics raised in Saturday night 's debate between the two men , and it was instantly followed by a question to D'Amato on whether he opposed first-trimester abortions for adult women . ",16,,39
1893181920,9/3/2018 18:31:32,4026858997,9/3/2018 18:31:02,false,instagc,1,21551272,GBR,X7,Ammanford,92.26.241.75,,,"[""topics raised"",""followed by a question""]",NYT19981026.0446.tml,opposed__170__177###followed__122__130###was__17__20###raised__44__50###debate__72__78,5,,,,"Slepian's death was among the first topics raised in Saturday night's debate between the two men, and it was instantly followed by a question to D'Amato on whether he opposed first-trimester abortions for adult women.","Slepian 's death was among the first topics raised in Saturday night 's debate between the two men , and it was instantly followed by a question to D'Amato on whether he opposed first-trimester abortions for adult women . ",16,,39
1893181921,9/3/2018 16:04:06,4026514493,9/3/2018 16:03:20,false,prodege,1,38202325,USA,ME,Limestone,98.13.82.121,,,"[""Eliot Spitzer 's willingness"",""exploit"",""murder of Slepian"",""steppingstone"",""political ambitions""]",NYT19981026.0446.tml,exploit__109__116###murder__133__139###said__217__221###willingness__94__105###seen__51__55,5,,,,"``It's possible that New York politics has never seen anything as crass as Eliot Spitzer's willingness to exploit the unfortunate murder of Slepian as a steppingstone for his own political ambitions,'' Berhrmann said.","`` It 's possible that New York politics has never seen anything as crass as Eliot Spitzer 's willingness to exploit the unfortunate murder of Slepian as a steppingstone for his own political ambitions , '' Berhrmann said . ",43,,39
1893181921,9/3/2018 15:35:42,4026463984,9/3/2018 15:35:29,false,prodege,1,3587109,CAN,NS,Inverness,99.192.28.178,,,"[""exploit the unfortunate murder of Slepian as a steppingstone for his own political ambitions""]",NYT19981026.0446.tml,exploit__109__116###murder__133__139###said__217__221###willingness__94__105###seen__51__55,5,,,,"``It's possible that New York politics has never seen anything as crass as Eliot Spitzer's willingness to exploit the unfortunate murder of Slepian as a steppingstone for his own political ambitions,'' Berhrmann said.","`` It 's possible that New York politics has never seen anything as crass as Eliot Spitzer 's willingness to exploit the unfortunate murder of Slepian as a steppingstone for his own political ambitions , '' Berhrmann said . ",43,,39
1893181921,9/3/2018 22:56:10,4027536346,9/3/2018 22:55:45,false,instagc,1,29289135,CAN,QC,Saint-hubert,174.91.248.234,,,"[""exploit the unfortunate murder""]",NYT19981026.0446.tml,exploit__109__116###murder__133__139###said__217__221###willingness__94__105###seen__51__55,5,,,,"``It's possible that New York politics has never seen anything as crass as Eliot Spitzer's willingness to exploit the unfortunate murder of Slepian as a steppingstone for his own political ambitions,'' Berhrmann said.","`` It 's possible that New York politics has never seen anything as crass as Eliot Spitzer 's willingness to exploit the unfortunate murder of Slepian as a steppingstone for his own political ambitions , '' Berhrmann said . ",43,,39
1893181921,9/3/2018 16:57:24,4026634917,9/3/2018 16:56:25,false,prodege,1,11131207,CAN,ON,Ajax,99.231.237.220,,,"[""exploit"",""murder"",""said""]",NYT19981026.0446.tml,exploit__109__116###murder__133__139###said__217__221###willingness__94__105###seen__51__55,5,,,,"``It's possible that New York politics has never seen anything as crass as Eliot Spitzer's willingness to exploit the unfortunate murder of Slepian as a steppingstone for his own political ambitions,'' Berhrmann said.","`` It 's possible that New York politics has never seen anything as crass as Eliot Spitzer 's willingness to exploit the unfortunate murder of Slepian as a steppingstone for his own political ambitions , '' Berhrmann said . ",43,,39
1893181921,9/4/2018 03:32:59,4028064469,9/4/2018 03:32:12,false,prodege,1,22716106,CAN,SK,Saskatoon,207.195.120.146,,,"[""exploit"",""unfortunate murder of Slepian"",""steppingstone""]",NYT19981026.0446.tml,exploit__109__116###murder__133__139###said__217__221###willingness__94__105###seen__51__55,5,,,,"``It's possible that New York politics has never seen anything as crass as Eliot Spitzer's willingness to exploit the unfortunate murder of Slepian as a steppingstone for his own political ambitions,'' Berhrmann said.","`` It 's possible that New York politics has never seen anything as crass as Eliot Spitzer 's willingness to exploit the unfortunate murder of Slepian as a steppingstone for his own political ambitions , '' Berhrmann said . ",43,,39
1893181921,9/3/2018 22:01:06,4027414680,9/3/2018 22:00:14,false,fusioncash,1,41545007,USA,NV,Las Vegas,24.120.53.14,,,"[""has"",""never"",""seen"",""anything"",""willingness to exploit""]",NYT19981026.0446.tml,exploit__109__116###murder__133__139###said__217__221###willingness__94__105###seen__51__55,5,,,,"``It's possible that New York politics has never seen anything as crass as Eliot Spitzer's willingness to exploit the unfortunate murder of Slepian as a steppingstone for his own political ambitions,'' Berhrmann said.","`` It 's possible that New York politics has never seen anything as crass as Eliot Spitzer 's willingness to exploit the unfortunate murder of Slepian as a steppingstone for his own political ambitions , '' Berhrmann said . ",43,,39
1893181921,9/4/2018 00:26:05,4027716324,9/4/2018 00:25:34,false,gifthunterclub,1,44453708,CAN,BC,Coquitlam,71.19.251.144,,,"[""has"",""never"",""seen"",""murder"",""political"",""ambitions""]",NYT19981026.0446.tml,exploit__109__116###murder__133__139###said__217__221###willingness__94__105###seen__51__55,5,,,,"``It's possible that New York politics has never seen anything as crass as Eliot Spitzer's willingness to exploit the unfortunate murder of Slepian as a steppingstone for his own political ambitions,'' Berhrmann said.","`` It 's possible that New York politics has never seen anything as crass as Eliot Spitzer 's willingness to exploit the unfortunate murder of Slepian as a steppingstone for his own political ambitions , '' Berhrmann said . ",43,,39
1893181921,9/3/2018 20:11:33,4027128924,9/3/2018 20:10:57,false,prodege,1,18972023,GBR,C9,Carlisle,146.198.63.229,,,"[""murder of Slepian""]",NYT19981026.0446.tml,exploit__109__116###murder__133__139###said__217__221###willingness__94__105###seen__51__55,5,,,,"``It's possible that New York politics has never seen anything as crass as Eliot Spitzer's willingness to exploit the unfortunate murder of Slepian as a steppingstone for his own political ambitions,'' Berhrmann said.","`` It 's possible that New York politics has never seen anything as crass as Eliot Spitzer 's willingness to exploit the unfortunate murder of Slepian as a steppingstone for his own political ambitions , '' Berhrmann said . ",43,,39
1893181921,9/3/2018 16:33:42,4026579994,9/3/2018 16:33:27,false,prodege,1,27934334,GBR,H9,London,86.187.170.79,,,"[""murder"",""said""]",NYT19981026.0446.tml,exploit__109__116###murder__133__139###said__217__221###willingness__94__105###seen__51__55,5,,,,"``It's possible that New York politics has never seen anything as crass as Eliot Spitzer's willingness to exploit the unfortunate murder of Slepian as a steppingstone for his own political ambitions,'' Berhrmann said.","`` It 's possible that New York politics has never seen anything as crass as Eliot Spitzer 's willingness to exploit the unfortunate murder of Slepian as a steppingstone for his own political ambitions , '' Berhrmann said . ",43,,39
1893181921,9/3/2018 17:57:32,4026772399,9/3/2018 17:57:10,false,prodege,1,1924522,USA,NY,New York,108.54.54.93,,,"[""murder""]",NYT19981026.0446.tml,exploit__109__116###murder__133__139###said__217__221###willingness__94__105###seen__51__55,5,,,,"``It's possible that New York politics has never seen anything as crass as Eliot Spitzer's willingness to exploit the unfortunate murder of Slepian as a steppingstone for his own political ambitions,'' Berhrmann said.","`` It 's possible that New York politics has never seen anything as crass as Eliot Spitzer 's willingness to exploit the unfortunate murder of Slepian as a steppingstone for his own political ambitions , '' Berhrmann said . ",43,,39
1893181921,9/4/2018 04:16:13,4028145452,9/4/2018 04:16:05,false,neodev,1,11063039,GBR,I7,Newcastle Upon Tyne,92.5.194.18,,,"[""New"",""York"",""Eliot"",""Spitzer"",""Berhrmann""]",NYT19981026.0446.tml,exploit__109__116###murder__133__139###said__217__221###willingness__94__105###seen__51__55,5,,,,"``It's possible that New York politics has never seen anything as crass as Eliot Spitzer's willingness to exploit the unfortunate murder of Slepian as a steppingstone for his own political ambitions,'' Berhrmann said.","`` It 's possible that New York politics has never seen anything as crass as Eliot Spitzer 's willingness to exploit the unfortunate murder of Slepian as a steppingstone for his own political ambitions , '' Berhrmann said . ",43,,39
1893181921,9/4/2018 01:29:27,4027836960,9/4/2018 01:27:49,false,instagc,1,34534543,USA,NY,Staten Island,100.37.15.137,,,"[""politics"",""never seen"",""willingness to exploit"",""murder"",""political ambitions""]",NYT19981026.0446.tml,exploit__109__116###murder__133__139###said__217__221###willingness__94__105###seen__51__55,5,,,,"``It's possible that New York politics has never seen anything as crass as Eliot Spitzer's willingness to exploit the unfortunate murder of Slepian as a steppingstone for his own political ambitions,'' Berhrmann said.","`` It 's possible that New York politics has never seen anything as crass as Eliot Spitzer 's willingness to exploit the unfortunate murder of Slepian as a steppingstone for his own political ambitions , '' Berhrmann said . ",43,,39
1893181921,9/3/2018 16:07:54,4026521957,9/3/2018 16:07:40,false,instagc,1,39127197,GBR,N9,Swindon,151.228.218.179,,,"[""possible"",""never"",""exploit"",""murder"",""steppingstone"",""ambitions""]",NYT19981026.0446.tml,exploit__109__116###murder__133__139###said__217__221###willingness__94__105###seen__51__55,5,,,,"``It's possible that New York politics has never seen anything as crass as Eliot Spitzer's willingness to exploit the unfortunate murder of Slepian as a steppingstone for his own political ambitions,'' Berhrmann said.","`` It 's possible that New York politics has never seen anything as crass as Eliot Spitzer 's willingness to exploit the unfortunate murder of Slepian as a steppingstone for his own political ambitions , '' Berhrmann said . ",43,,39
1893181921,9/3/2018 20:57:21,4027266976,9/3/2018 20:56:44,false,neodev,1,44809353,USA,NJ,Jersey City,206.189.233.136,,,"[""possible""]",NYT19981026.0446.tml,exploit__109__116###murder__133__139###said__217__221###willingness__94__105###seen__51__55,5,,,,"``It's possible that New York politics has never seen anything as crass as Eliot Spitzer's willingness to exploit the unfortunate murder of Slepian as a steppingstone for his own political ambitions,'' Berhrmann said.","`` It 's possible that New York politics has never seen anything as crass as Eliot Spitzer 's willingness to exploit the unfortunate murder of Slepian as a steppingstone for his own political ambitions , '' Berhrmann said . ",43,,39
1893181921,9/3/2018 17:15:22,4026674926,9/3/2018 17:15:05,false,elite,1,31883685,GBR,I2,Manchester,2.98.53.46,,,"[""seen"",""exploit"",""murder"",""said""]",NYT19981026.0446.tml,exploit__109__116###murder__133__139###said__217__221###willingness__94__105###seen__51__55,5,,,,"``It's possible that New York politics has never seen anything as crass as Eliot Spitzer's willingness to exploit the unfortunate murder of Slepian as a steppingstone for his own political ambitions,'' Berhrmann said.","`` It 's possible that New York politics has never seen anything as crass as Eliot Spitzer 's willingness to exploit the unfortunate murder of Slepian as a steppingstone for his own political ambitions , '' Berhrmann said . ",43,,39
1893181921,9/4/2018 05:11:08,4028233567,9/4/2018 05:10:33,false,clixsense,1,28521374,USA,TX,Glen Rose,174.130.152.252,,,"[""seen"",""exploit"",""murder"",""said""]",NYT19981026.0446.tml,exploit__109__116###murder__133__139###said__217__221###willingness__94__105###seen__51__55,5,,,,"``It's possible that New York politics has never seen anything as crass as Eliot Spitzer's willingness to exploit the unfortunate murder of Slepian as a steppingstone for his own political ambitions,'' Berhrmann said.","`` It 's possible that New York politics has never seen anything as crass as Eliot Spitzer 's willingness to exploit the unfortunate murder of Slepian as a steppingstone for his own political ambitions , '' Berhrmann said . ",43,,39
1893181921,9/3/2018 15:26:41,4026446678,9/3/2018 15:25:39,false,elite,1,39017656,CAN,BC,Kelowna,24.71.170.141,,,"[""seen"",""exploit"",""murder"",""steppingstone"",""ambitions""]",NYT19981026.0446.tml,exploit__109__116###murder__133__139###said__217__221###willingness__94__105###seen__51__55,5,,,,"``It's possible that New York politics has never seen anything as crass as Eliot Spitzer's willingness to exploit the unfortunate murder of Slepian as a steppingstone for his own political ambitions,'' Berhrmann said.","`` It 's possible that New York politics has never seen anything as crass as Eliot Spitzer 's willingness to exploit the unfortunate murder of Slepian as a steppingstone for his own political ambitions , '' Berhrmann said . ",43,,39
1893181921,9/3/2018 19:18:51,4026982489,9/3/2018 19:17:47,false,clixsense,1,44255568,USA,NY,Ithaca,68.175.152.222,,,"[""seen"",""exploit"",""murder""]",NYT19981026.0446.tml,exploit__109__116###murder__133__139###said__217__221###willingness__94__105###seen__51__55,5,,,,"``It's possible that New York politics has never seen anything as crass as Eliot Spitzer's willingness to exploit the unfortunate murder of Slepian as a steppingstone for his own political ambitions,'' Berhrmann said.","`` It 's possible that New York politics has never seen anything as crass as Eliot Spitzer 's willingness to exploit the unfortunate murder of Slepian as a steppingstone for his own political ambitions , '' Berhrmann said . ",43,,39
1893181921,9/4/2018 05:52:05,4028299958,9/4/2018 05:50:04,false,instagc,1,30145358,CAN,QC,Jonquière,96.21.132.139,,,"[""seen"",""exploit"",""said""]",NYT19981026.0446.tml,exploit__109__116###murder__133__139###said__217__221###willingness__94__105###seen__51__55,5,,,,"``It's possible that New York politics has never seen anything as crass as Eliot Spitzer's willingness to exploit the unfortunate murder of Slepian as a steppingstone for his own political ambitions,'' Berhrmann said.","`` It 's possible that New York politics has never seen anything as crass as Eliot Spitzer 's willingness to exploit the unfortunate murder of Slepian as a steppingstone for his own political ambitions , '' Berhrmann said . ",43,,39
1893181921,9/3/2018 20:45:05,4027234989,9/3/2018 20:44:06,false,clixsense,1,6413571,USA,FL,Mount Dora,76.4.108.56,,,"[""seen"",""willingness"",""exploit"",""murder"",""ambitions""]",NYT19981026.0446.tml,exploit__109__116###murder__133__139###said__217__221###willingness__94__105###seen__51__55,5,,,,"``It's possible that New York politics has never seen anything as crass as Eliot Spitzer's willingness to exploit the unfortunate murder of Slepian as a steppingstone for his own political ambitions,'' Berhrmann said.","`` It 's possible that New York politics has never seen anything as crass as Eliot Spitzer 's willingness to exploit the unfortunate murder of Slepian as a steppingstone for his own political ambitions , '' Berhrmann said . ",43,,39
1893181922,9/4/2018 04:16:25,4028145772,9/4/2018 04:16:14,false,neodev,1,11063039,GBR,I7,Newcastle Upon Tyne,92.5.194.18,,,"[""gynecologist"",""Amherst"",""synagogue""]",NYT19981121.0173.tml,returned__139__147###shot__54__58,2,,,,"Slepian, 52, an obstetrician and gynecologist, was shot through the kitchen window of his home in Amherst shortly after he and his wife returned home from synagogue on the night of Friday, Oct. 23.","Slepian , 52 , an obstetrician and gynecologist , was shot through the kitchen window of his home in Amherst shortly after he and his wife returned home from synagogue on the night of Friday , Oct. 23 . ",17,,39
1893181922,9/3/2018 16:08:14,4026522619,9/3/2018 16:07:55,false,instagc,1,39127197,GBR,N9,Swindon,151.228.218.179,,,"[""obstetrician"",""gynecologist"",""shot"",""after"",""returned"",""home"",""synagogue""]",NYT19981121.0173.tml,returned__139__147###shot__54__58,2,,,,"Slepian, 52, an obstetrician and gynecologist, was shot through the kitchen window of his home in Amherst shortly after he and his wife returned home from synagogue on the night of Friday, Oct. 23.","Slepian , 52 , an obstetrician and gynecologist , was shot through the kitchen window of his home in Amherst shortly after he and his wife returned home from synagogue on the night of Friday , Oct. 23 . ",17,,39
1893181922,9/4/2018 03:33:57,4028066554,9/4/2018 03:33:00,false,prodege,1,22716106,CAN,SK,Saskatoon,207.195.120.146,,,"[""shot"",""returned home from synagogue""]",NYT19981121.0173.tml,returned__139__147###shot__54__58,2,,,,"Slepian, 52, an obstetrician and gynecologist, was shot through the kitchen window of his home in Amherst shortly after he and his wife returned home from synagogue on the night of Friday, Oct. 23.","Slepian , 52 , an obstetrician and gynecologist , was shot through the kitchen window of his home in Amherst shortly after he and his wife returned home from synagogue on the night of Friday , Oct. 23 . ",17,,39
1893181922,9/3/2018 22:56:33,4027537072,9/3/2018 22:56:12,false,instagc,1,29289135,CAN,QC,Saint-hubert,174.91.248.234,,,"[""shot"",""returned home""]",NYT19981121.0173.tml,returned__139__147###shot__54__58,2,,,,"Slepian, 52, an obstetrician and gynecologist, was shot through the kitchen window of his home in Amherst shortly after he and his wife returned home from synagogue on the night of Friday, Oct. 23.","Slepian , 52 , an obstetrician and gynecologist , was shot through the kitchen window of his home in Amherst shortly after he and his wife returned home from synagogue on the night of Friday , Oct. 23 . ",17,,39
1893181922,9/4/2018 01:30:04,4027838332,9/4/2018 01:29:28,false,instagc,1,34534543,USA,NY,Staten Island,100.37.15.137,,,"[""shot"",""returned home""]",NYT19981121.0173.tml,returned__139__147###shot__54__58,2,,,,"Slepian, 52, an obstetrician and gynecologist, was shot through the kitchen window of his home in Amherst shortly after he and his wife returned home from synagogue on the night of Friday, Oct. 23.","Slepian , 52 , an obstetrician and gynecologist , was shot through the kitchen window of his home in Amherst shortly after he and his wife returned home from synagogue on the night of Friday , Oct. 23 . ",17,,39
1893181922,9/3/2018 16:05:26,4026517237,9/3/2018 16:04:07,false,prodege,1,38202325,USA,ME,Limestone,98.13.82.121,,,"[""shot"",""returned"",""synagogue"",""Friday , Oct. 23""]",NYT19981121.0173.tml,returned__139__147###shot__54__58,2,,,,"Slepian, 52, an obstetrician and gynecologist, was shot through the kitchen window of his home in Amherst shortly after he and his wife returned home from synagogue on the night of Friday, Oct. 23.","Slepian , 52 , an obstetrician and gynecologist , was shot through the kitchen window of his home in Amherst shortly after he and his wife returned home from synagogue on the night of Friday , Oct. 23 . ",17,,39
1893181922,9/3/2018 19:19:18,4026983574,9/3/2018 19:18:52,false,clixsense,1,44255568,USA,NY,Ithaca,68.175.152.222,,,"[""shot"",""returned"",""synagogue""]",NYT19981121.0173.tml,returned__139__147###shot__54__58,2,,,,"Slepian, 52, an obstetrician and gynecologist, was shot through the kitchen window of his home in Amherst shortly after he and his wife returned home from synagogue on the night of Friday, Oct. 23.","Slepian , 52 , an obstetrician and gynecologist , was shot through the kitchen window of his home in Amherst shortly after he and his wife returned home from synagogue on the night of Friday , Oct. 23 . ",17,,39
1893181922,9/3/2018 15:27:29,4026448356,9/3/2018 15:26:43,false,elite,1,39017656,CAN,BC,Kelowna,24.71.170.141,,,"[""shot"",""returned""]",NYT19981121.0173.tml,returned__139__147###shot__54__58,2,,,,"Slepian, 52, an obstetrician and gynecologist, was shot through the kitchen window of his home in Amherst shortly after he and his wife returned home from synagogue on the night of Friday, Oct. 23.","Slepian , 52 , an obstetrician and gynecologist , was shot through the kitchen window of his home in Amherst shortly after he and his wife returned home from synagogue on the night of Friday , Oct. 23 . ",17,,39
1893181922,9/3/2018 19:21:19,4026989240,9/3/2018 19:21:08,false,elite,1,31883685,GBR,I2,Manchester,2.98.53.46,,,"[""shot"",""returned""]",NYT19981121.0173.tml,returned__139__147###shot__54__58,2,,,,"Slepian, 52, an obstetrician and gynecologist, was shot through the kitchen window of his home in Amherst shortly after he and his wife returned home from synagogue on the night of Friday, Oct. 23.","Slepian , 52 , an obstetrician and gynecologist , was shot through the kitchen window of his home in Amherst shortly after he and his wife returned home from synagogue on the night of Friday , Oct. 23 . ",17,,39
1893181922,9/4/2018 05:11:52,4028234885,9/4/2018 05:11:09,false,clixsense,1,28521374,USA,TX,Glen Rose,174.130.152.252,,,"[""shot"",""returned""]",NYT19981121.0173.tml,returned__139__147###shot__54__58,2,,,,"Slepian, 52, an obstetrician and gynecologist, was shot through the kitchen window of his home in Amherst shortly after he and his wife returned home from synagogue on the night of Friday, Oct. 23.","Slepian , 52 , an obstetrician and gynecologist , was shot through the kitchen window of his home in Amherst shortly after he and his wife returned home from synagogue on the night of Friday , Oct. 23 . ",17,,39
1893181922,9/4/2018 05:52:15,4028300228,9/4/2018 05:52:06,false,instagc,1,30145358,CAN,QC,Jonquière,96.21.132.139,,,"[""shot"",""returned""]",NYT19981121.0173.tml,returned__139__147###shot__54__58,2,,,,"Slepian, 52, an obstetrician and gynecologist, was shot through the kitchen window of his home in Amherst shortly after he and his wife returned home from synagogue on the night of Friday, Oct. 23.","Slepian , 52 , an obstetrician and gynecologist , was shot through the kitchen window of his home in Amherst shortly after he and his wife returned home from synagogue on the night of Friday , Oct. 23 . ",17,,39
1893181922,9/3/2018 20:45:42,4027236528,9/3/2018 20:45:11,false,clixsense,1,6413571,USA,FL,Mount Dora,76.4.108.56,,,"[""shot"",""shortly""]",NYT19981121.0173.tml,returned__139__147###shot__54__58,2,,,,"Slepian, 52, an obstetrician and gynecologist, was shot through the kitchen window of his home in Amherst shortly after he and his wife returned home from synagogue on the night of Friday, Oct. 23.","Slepian , 52 , an obstetrician and gynecologist , was shot through the kitchen window of his home in Amherst shortly after he and his wife returned home from synagogue on the night of Friday , Oct. 23 . ",17,,39
1893181922,9/3/2018 16:58:13,4026636596,9/3/2018 16:57:25,false,prodege,1,11131207,CAN,ON,Ajax,99.231.237.220,,,"[""shot""]",NYT19981121.0173.tml,returned__139__147###shot__54__58,2,,,,"Slepian, 52, an obstetrician and gynecologist, was shot through the kitchen window of his home in Amherst shortly after he and his wife returned home from synagogue on the night of Friday, Oct. 23.","Slepian , 52 , an obstetrician and gynecologist , was shot through the kitchen window of his home in Amherst shortly after he and his wife returned home from synagogue on the night of Friday , Oct. 23 . ",17,,39
1893181922,9/3/2018 20:11:50,4027129852,9/3/2018 20:11:35,false,prodege,1,18972023,GBR,C9,Carlisle,146.198.63.229,,,"[""Slepian , 52 , an obstetrician and gynecologist , was shot through the kitchen window of his home in Amherst shortly after he and his wife returned home from synagogue on the night of Friday , Oct. 23 .""]",NYT19981121.0173.tml,returned__139__147###shot__54__58,2,,,,"Slepian, 52, an obstetrician and gynecologist, was shot through the kitchen window of his home in Amherst shortly after he and his wife returned home from synagogue on the night of Friday, Oct. 23.","Slepian , 52 , an obstetrician and gynecologist , was shot through the kitchen window of his home in Amherst shortly after he and his wife returned home from synagogue on the night of Friday , Oct. 23 . ",17,,39
1893181922,9/3/2018 20:59:30,4027271642,9/3/2018 20:57:23,false,neodev,1,44809353,USA,NJ,Jersey City,206.189.233.136,,,"[""through""]",NYT19981121.0173.tml,returned__139__147###shot__54__58,2,,,,"Slepian, 52, an obstetrician and gynecologist, was shot through the kitchen window of his home in Amherst shortly after he and his wife returned home from synagogue on the night of Friday, Oct. 23.","Slepian , 52 , an obstetrician and gynecologist , was shot through the kitchen window of his home in Amherst shortly after he and his wife returned home from synagogue on the night of Friday , Oct. 23 . ",17,,39
1893181922,9/3/2018 15:35:50,4026464187,9/3/2018 15:35:43,false,prodege,1,3587109,CAN,NS,Inverness,99.192.28.178,,,"[""was shot through the kitchen window of his home""]",NYT19981121.0173.tml,returned__139__147###shot__54__58,2,,,,"Slepian, 52, an obstetrician and gynecologist, was shot through the kitchen window of his home in Amherst shortly after he and his wife returned home from synagogue on the night of Friday, Oct. 23.","Slepian , 52 , an obstetrician and gynecologist , was shot through the kitchen window of his home in Amherst shortly after he and his wife returned home from synagogue on the night of Friday , Oct. 23 . ",17,,39
1893181922,9/3/2018 22:02:03,4027417184,9/3/2018 22:01:12,false,fusioncash,1,41545007,USA,NV,Las Vegas,24.120.53.14,,,"[""was shot"",""after he and his wife returned home"",""after"",""he"",""and"",""his"",""wife"",""returned"",""home""]",NYT19981121.0173.tml,returned__139__147###shot__54__58,2,,,,"Slepian, 52, an obstetrician and gynecologist, was shot through the kitchen window of his home in Amherst shortly after he and his wife returned home from synagogue on the night of Friday, Oct. 23.","Slepian , 52 , an obstetrician and gynecologist , was shot through the kitchen window of his home in Amherst shortly after he and his wife returned home from synagogue on the night of Friday , Oct. 23 . ",17,,39
1893181922,9/3/2018 17:57:54,4026773154,9/3/2018 17:57:33,false,prodege,1,1924522,USA,NY,New York,108.54.54.93,,,"[""was shot"",""returned home""]",NYT19981121.0173.tml,returned__139__147###shot__54__58,2,,,,"Slepian, 52, an obstetrician and gynecologist, was shot through the kitchen window of his home in Amherst shortly after he and his wife returned home from synagogue on the night of Friday, Oct. 23.","Slepian , 52 , an obstetrician and gynecologist , was shot through the kitchen window of his home in Amherst shortly after he and his wife returned home from synagogue on the night of Friday , Oct. 23 . ",17,,39
1893181922,9/4/2018 05:07:29,4028226494,9/4/2018 05:07:05,false,prodege,1,27934334,GBR,O6,Altrincham,81.147.170.37,,,"[""was shot"",""returned home""]",NYT19981121.0173.tml,returned__139__147###shot__54__58,2,,,,"Slepian, 52, an obstetrician and gynecologist, was shot through the kitchen window of his home in Amherst shortly after he and his wife returned home from synagogue on the night of Friday, Oct. 23.","Slepian , 52 , an obstetrician and gynecologist , was shot through the kitchen window of his home in Amherst shortly after he and his wife returned home from synagogue on the night of Friday , Oct. 23 . ",17,,39
1893181922,9/4/2018 00:26:46,4027717586,9/4/2018 00:26:10,false,gifthunterclub,1,44453708,CAN,BC,Coquitlam,71.19.251.144,,,"[""was"",""shot"",""night"",""of"",""Friday"",""Oct."",""23""]",NYT19981121.0173.tml,returned__139__147###shot__54__58,2,,,,"Slepian, 52, an obstetrician and gynecologist, was shot through the kitchen window of his home in Amherst shortly after he and his wife returned home from synagogue on the night of Friday, Oct. 23.","Slepian , 52 , an obstetrician and gynecologist , was shot through the kitchen window of his home in Amherst shortly after he and his wife returned home from synagogue on the night of Friday , Oct. 23 . ",17,,39
1893181923,9/3/2018 17:58:25,4026774522,9/3/2018 17:57:55,false,prodege,1,1924522,USA,NY,New York,108.54.54.93,,,"[""A jogger observed"",""murder"",""wrote down the license plate number""]",NYT19990505.0443.tml,wrote__151__156###murder__80__86###observed__9__17###curious__95__102###parked__127__133,5,,,,"A jogger observed Kopp's car at 6 a.m. near Slepian's home 10 days before the murder, and, curious why a stranger would be parked there so early, wrote down the license plate number.","A jogger observed Kopp 's car at 6 a.m. near Slepian 's home 10 days before the murder , and , curious why a stranger would be parked there so early , wrote down the license plate number . ",20,,39
1893181923,9/3/2018 20:12:30,4027132158,9/3/2018 20:11:51,false,prodege,1,18972023,GBR,C9,Carlisle,146.198.63.229,,,"[""jogger observed Kopp 's car at 6 a.m. near Slepian 's home 10 days before the murder""]",NYT19990505.0443.tml,wrote__151__156###murder__80__86###observed__9__17###curious__95__102###parked__127__133,5,,,,"A jogger observed Kopp's car at 6 a.m. near Slepian's home 10 days before the murder, and, curious why a stranger would be parked there so early, wrote down the license plate number.","A jogger observed Kopp 's car at 6 a.m. near Slepian 's home 10 days before the murder , and , curious why a stranger would be parked there so early , wrote down the license plate number . ",20,,39
1893181923,9/3/2018 16:08:26,4026523020,9/3/2018 16:08:15,false,instagc,1,39127197,GBR,N9,Swindon,151.228.218.179,,,"[""jogger"",""observed"",""near"",""murder"",""parked"",""wrote""]",NYT19990505.0443.tml,wrote__151__156###murder__80__86###observed__9__17###curious__95__102###parked__127__133,5,,,,"A jogger observed Kopp's car at 6 a.m. near Slepian's home 10 days before the murder, and, curious why a stranger would be parked there so early, wrote down the license plate number.","A jogger observed Kopp 's car at 6 a.m. near Slepian 's home 10 days before the murder , and , curious why a stranger would be parked there so early , wrote down the license plate number . ",20,,39
1893181923,9/4/2018 04:16:36,4028145965,9/4/2018 04:16:26,false,neodev,1,11063039,GBR,I7,Newcastle Upon Tyne,92.5.194.18,,,"[""Kopp"",""Slepian"",""stranger""]",NYT19990505.0443.tml,wrote__151__156###murder__80__86###observed__9__17###curious__95__102###parked__127__133,5,,,,"A jogger observed Kopp's car at 6 a.m. near Slepian's home 10 days before the murder, and, curious why a stranger would be parked there so early, wrote down the license plate number.","A jogger observed Kopp 's car at 6 a.m. near Slepian 's home 10 days before the murder , and , curious why a stranger would be parked there so early , wrote down the license plate number . ",20,,39
1893181923,9/3/2018 15:35:57,4026464367,9/3/2018 15:35:51,false,prodege,1,3587109,CAN,NS,Inverness,99.192.28.178,,,"[""observed Kopp 's car at 6 a.m.""]",NYT19990505.0443.tml,wrote__151__156###murder__80__86###observed__9__17###curious__95__102###parked__127__133,5,,,,"A jogger observed Kopp's car at 6 a.m. near Slepian's home 10 days before the murder, and, curious why a stranger would be parked there so early, wrote down the license plate number.","A jogger observed Kopp 's car at 6 a.m. near Slepian 's home 10 days before the murder , and , curious why a stranger would be parked there so early , wrote down the license plate number . ",20,,39
1893181923,9/4/2018 03:35:00,4028068300,9/4/2018 03:33:59,false,prodege,1,22716106,CAN,SK,Saskatoon,207.195.120.146,,,"[""observed"",""before the murder"",""parked"",""wrote down""]",NYT19990505.0443.tml,wrote__151__156###murder__80__86###observed__9__17###curious__95__102###parked__127__133,5,,,,"A jogger observed Kopp's car at 6 a.m. near Slepian's home 10 days before the murder, and, curious why a stranger would be parked there so early, wrote down the license plate number.","A jogger observed Kopp 's car at 6 a.m. near Slepian 's home 10 days before the murder , and , curious why a stranger would be parked there so early , wrote down the license plate number . ",20,,39
1893181923,9/4/2018 01:30:56,4027840083,9/4/2018 01:30:05,false,instagc,1,34534543,USA,NY,Staten Island,100.37.15.137,,,"[""observed"",""murder"",""curious"",""parked"",""wrote down""]",NYT19990505.0443.tml,wrote__151__156###murder__80__86###observed__9__17###curious__95__102###parked__127__133,5,,,,"A jogger observed Kopp's car at 6 a.m. near Slepian's home 10 days before the murder, and, curious why a stranger would be parked there so early, wrote down the license plate number.","A jogger observed Kopp 's car at 6 a.m. near Slepian 's home 10 days before the murder , and , curious why a stranger would be parked there so early , wrote down the license plate number . ",20,,39
1893181923,9/3/2018 16:06:17,4026519027,9/3/2018 16:05:28,false,prodege,1,38202325,USA,ME,Limestone,98.13.82.121,,,"[""observed"",""murder"",""curious"",""parked"",""wrote""]",NYT19990505.0443.tml,wrote__151__156###murder__80__86###observed__9__17###curious__95__102###parked__127__133,5,,,,"A jogger observed Kopp's car at 6 a.m. near Slepian's home 10 days before the murder, and, curious why a stranger would be parked there so early, wrote down the license plate number.","A jogger observed Kopp 's car at 6 a.m. near Slepian 's home 10 days before the murder , and , curious why a stranger would be parked there so early , wrote down the license plate number . ",20,,39
1893181923,9/3/2018 23:02:44,4027549380,9/3/2018 23:02:09,false,instagc,1,29289135,CAN,QC,Saint-hubert,174.91.248.234,,,"[""observed"",""murder"",""parked"",""wrote down""]",NYT19990505.0443.tml,wrote__151__156###murder__80__86###observed__9__17###curious__95__102###parked__127__133,5,,,,"A jogger observed Kopp's car at 6 a.m. near Slepian's home 10 days before the murder, and, curious why a stranger would be parked there so early, wrote down the license plate number.","A jogger observed Kopp 's car at 6 a.m. near Slepian 's home 10 days before the murder , and , curious why a stranger would be parked there so early , wrote down the license plate number . ",20,,39
1893181923,9/3/2018 15:28:05,4026449525,9/3/2018 15:27:31,false,elite,1,39017656,CAN,BC,Kelowna,24.71.170.141,,,"[""observed"",""murder"",""parked"",""wrote""]",NYT19990505.0443.tml,wrote__151__156###murder__80__86###observed__9__17###curious__95__102###parked__127__133,5,,,,"A jogger observed Kopp's car at 6 a.m. near Slepian's home 10 days before the murder, and, curious why a stranger would be parked there so early, wrote down the license plate number.","A jogger observed Kopp 's car at 6 a.m. near Slepian 's home 10 days before the murder , and , curious why a stranger would be parked there so early , wrote down the license plate number . ",20,,39
1893181923,9/3/2018 19:19:50,4026984948,9/3/2018 19:19:19,false,clixsense,1,44255568,USA,NY,Ithaca,68.175.152.222,,,"[""observed"",""murder"",""parked"",""wrote""]",NYT19990505.0443.tml,wrote__151__156###murder__80__86###observed__9__17###curious__95__102###parked__127__133,5,,,,"A jogger observed Kopp's car at 6 a.m. near Slepian's home 10 days before the murder, and, curious why a stranger would be parked there so early, wrote down the license plate number.","A jogger observed Kopp 's car at 6 a.m. near Slepian 's home 10 days before the murder , and , curious why a stranger would be parked there so early , wrote down the license plate number . ",20,,39
1893181923,9/4/2018 05:12:35,4028236061,9/4/2018 05:11:53,false,clixsense,1,28521374,USA,TX,Glen Rose,174.130.152.252,,,"[""observed"",""murder"",""parked"",""wrote""]",NYT19990505.0443.tml,wrote__151__156###murder__80__86###observed__9__17###curious__95__102###parked__127__133,5,,,,"A jogger observed Kopp's car at 6 a.m. near Slepian's home 10 days before the murder, and, curious why a stranger would be parked there so early, wrote down the license plate number.","A jogger observed Kopp 's car at 6 a.m. near Slepian 's home 10 days before the murder , and , curious why a stranger would be parked there so early , wrote down the license plate number . ",20,,39
1893181923,9/3/2018 19:21:30,4026989759,9/3/2018 19:21:20,false,elite,1,31883685,GBR,I2,Manchester,2.98.53.46,,,"[""observed"",""murder"",""parked""]",NYT19990505.0443.tml,wrote__151__156###murder__80__86###observed__9__17###curious__95__102###parked__127__133,5,,,,"A jogger observed Kopp's car at 6 a.m. near Slepian's home 10 days before the murder, and, curious why a stranger would be parked there so early, wrote down the license plate number.","A jogger observed Kopp 's car at 6 a.m. near Slepian 's home 10 days before the murder , and , curious why a stranger would be parked there so early , wrote down the license plate number . ",20,,39
1893181923,9/3/2018 20:46:26,4027238501,9/3/2018 20:45:45,false,clixsense,1,6413571,USA,FL,Mount Dora,76.4.108.56,,,"[""observed"",""murder"",""wrote down""]",NYT19990505.0443.tml,wrote__151__156###murder__80__86###observed__9__17###curious__95__102###parked__127__133,5,,,,"A jogger observed Kopp's car at 6 a.m. near Slepian's home 10 days before the murder, and, curious why a stranger would be parked there so early, wrote down the license plate number.","A jogger observed Kopp 's car at 6 a.m. near Slepian 's home 10 days before the murder , and , curious why a stranger would be parked there so early , wrote down the license plate number . ",20,,39
1893181923,9/3/2018 16:59:07,4026638263,9/3/2018 16:58:14,false,prodege,1,11131207,CAN,ON,Ajax,99.231.237.220,,,"[""observed"",""murder"",""wrote""]",NYT19990505.0443.tml,wrote__151__156###murder__80__86###observed__9__17###curious__95__102###parked__127__133,5,,,,"A jogger observed Kopp's car at 6 a.m. near Slepian's home 10 days before the murder, and, curious why a stranger would be parked there so early, wrote down the license plate number.","A jogger observed Kopp 's car at 6 a.m. near Slepian 's home 10 days before the murder , and , curious why a stranger would be parked there so early , wrote down the license plate number . ",20,,39
1893181923,9/4/2018 05:52:27,4028300519,9/4/2018 05:52:16,false,instagc,1,30145358,CAN,QC,Jonquière,96.21.132.139,,,"[""observed"",""parked""]",NYT19990505.0443.tml,wrote__151__156###murder__80__86###observed__9__17###curious__95__102###parked__127__133,5,,,,"A jogger observed Kopp's car at 6 a.m. near Slepian's home 10 days before the murder, and, curious why a stranger would be parked there so early, wrote down the license plate number.","A jogger observed Kopp 's car at 6 a.m. near Slepian 's home 10 days before the murder , and , curious why a stranger would be parked there so early , wrote down the license plate number . ",20,,39
1893181923,9/4/2018 05:07:55,4028227260,9/4/2018 05:07:31,false,prodege,1,27934334,GBR,O6,Altrincham,81.147.170.37,,,"[""observed"",""the murder"",""curious"",""parked"",""wrote""]",NYT19990505.0443.tml,wrote__151__156###murder__80__86###observed__9__17###curious__95__102###parked__127__133,5,,,,"A jogger observed Kopp's car at 6 a.m. near Slepian's home 10 days before the murder, and, curious why a stranger would be parked there so early, wrote down the license plate number.","A jogger observed Kopp 's car at 6 a.m. near Slepian 's home 10 days before the murder , and , curious why a stranger would be parked there so early , wrote down the license plate number . ",20,,39
1893181923,9/4/2018 00:27:25,4027719113,9/4/2018 00:26:51,false,gifthunterclub,1,44453708,CAN,BC,Coquitlam,71.19.251.144,,,"[""observed"",""the"",""murder"",""parked"",""there"",""so"",""early""]",NYT19990505.0443.tml,wrote__151__156###murder__80__86###observed__9__17###curious__95__102###parked__127__133,5,,,,"A jogger observed Kopp's car at 6 a.m. near Slepian's home 10 days before the murder, and, curious why a stranger would be parked there so early, wrote down the license plate number.","A jogger observed Kopp 's car at 6 a.m. near Slepian 's home 10 days before the murder , and , curious why a stranger would be parked there so early , wrote down the license plate number . ",20,,39
1893181923,9/3/2018 22:02:59,4027419754,9/3/2018 22:02:05,false,fusioncash,1,41545007,USA,NV,Las Vegas,24.120.53.14,,,"[""observed"",""why a"",""would be parked""]",NYT19990505.0443.tml,wrote__151__156###murder__80__86###observed__9__17###curious__95__102###parked__127__133,5,,,,"A jogger observed Kopp's car at 6 a.m. near Slepian's home 10 days before the murder, and, curious why a stranger would be parked there so early, wrote down the license plate number.","A jogger observed Kopp 's car at 6 a.m. near Slepian 's home 10 days before the murder , and , curious why a stranger would be parked there so early , wrote down the license plate number . ",20,,39
1893181923,9/3/2018 21:00:25,4027273438,9/3/2018 20:59:32,false,neodev,1,44809353,USA,NJ,Jersey City,206.189.233.136,,,"[""observed""]",NYT19990505.0443.tml,wrote__151__156###murder__80__86###observed__9__17###curious__95__102###parked__127__133,5,,,,"A jogger observed Kopp's car at 6 a.m. near Slepian's home 10 days before the murder, and, curious why a stranger would be parked there so early, wrote down the license plate number.","A jogger observed Kopp 's car at 6 a.m. near Slepian 's home 10 days before the murder , and , curious why a stranger would be parked there so early , wrote down the license plate number . ",20,,39
1893181924,9/3/2018 20:47:01,4027239992,9/3/2018 20:46:27,false,clixsense,1,6413571,USA,FL,Mount Dora,76.4.108.56,,,"[""against"",""accession"",""detrimental""]",XIE19990313.0173.tml,be__124__126###accession__100__109###claiming__80__88###are__48__51###bring__174__179,5,,,,"But some other parties and social organizations are against NATO's expansion, claiming Hungary's accession to NATO would be detrimental to the country's independence and bring about new problems and economic burdens to the country.","But some other parties and social organizations are against NATO 's expansion , claiming Hungary 's accession to NATO would be detrimental to the country 's independence and bring about new problems and economic burdens to the country . ",10,,39
1893181924,9/3/2018 19:20:50,4026988070,9/3/2018 19:19:51,false,clixsense,1,44255568,USA,NY,Ithaca,68.175.152.222,,,"[""against"",""claiming"",""bring""]",XIE19990313.0173.tml,be__124__126###accession__100__109###claiming__80__88###are__48__51###bring__174__179,5,,,,"But some other parties and social organizations are against NATO's expansion, claiming Hungary's accession to NATO would be detrimental to the country's independence and bring about new problems and economic burdens to the country.","But some other parties and social organizations are against NATO 's expansion , claiming Hungary 's accession to NATO would be detrimental to the country 's independence and bring about new problems and economic burdens to the country . ",10,,39
1893181924,9/3/2018 16:08:39,4026523453,9/3/2018 16:08:28,false,instagc,1,39127197,GBR,N9,Swindon,151.228.218.179,,,"[""against"",""claiming"",""detrimental"",""bring""]",XIE19990313.0173.tml,be__124__126###accession__100__109###claiming__80__88###are__48__51###bring__174__179,5,,,,"But some other parties and social organizations are against NATO's expansion, claiming Hungary's accession to NATO would be detrimental to the country's independence and bring about new problems and economic burdens to the country.","But some other parties and social organizations are against NATO 's expansion , claiming Hungary 's accession to NATO would be detrimental to the country 's independence and bring about new problems and economic burdens to the country . ",10,,39
1893181924,9/3/2018 16:59:55,4026639825,9/3/2018 16:59:08,false,prodege,1,11131207,CAN,ON,Ajax,99.231.237.220,,,"[""against"",""claiming""]",XIE19990313.0173.tml,be__124__126###accession__100__109###claiming__80__88###are__48__51###bring__174__179,5,,,,"But some other parties and social organizations are against NATO's expansion, claiming Hungary's accession to NATO would be detrimental to the country's independence and bring about new problems and economic burdens to the country.","But some other parties and social organizations are against NATO 's expansion , claiming Hungary 's accession to NATO would be detrimental to the country 's independence and bring about new problems and economic burdens to the country . ",10,,39
1893181924,9/3/2018 15:28:45,4026450958,9/3/2018 15:28:07,false,elite,1,39017656,CAN,BC,Kelowna,24.71.170.141,,,"[""against"",""expansion"",""accession"",""independence"",""problems"",""burdens""]",XIE19990313.0173.tml,be__124__126###accession__100__109###claiming__80__88###are__48__51###bring__174__179,5,,,,"But some other parties and social organizations are against NATO's expansion, claiming Hungary's accession to NATO would be detrimental to the country's independence and bring about new problems and economic burdens to the country.","But some other parties and social organizations are against NATO 's expansion , claiming Hungary 's accession to NATO would be detrimental to the country 's independence and bring about new problems and economic burdens to the country . ",10,,39
1893181924,9/4/2018 05:13:31,4028237748,9/4/2018 05:12:36,false,clixsense,1,28521374,USA,TX,Glen Rose,174.130.152.252,,,"[""against"",""expansion"",""claiming"",""accession"",""bring""]",XIE19990313.0173.tml,be__124__126###accession__100__109###claiming__80__88###are__48__51###bring__174__179,5,,,,"But some other parties and social organizations are against NATO's expansion, claiming Hungary's accession to NATO would be detrimental to the country's independence and bring about new problems and economic burdens to the country.","But some other parties and social organizations are against NATO 's expansion , claiming Hungary 's accession to NATO would be detrimental to the country 's independence and bring about new problems and economic burdens to the country . ",10,,39
1893181924,9/4/2018 01:32:02,4027842102,9/4/2018 01:30:57,false,instagc,1,34534543,USA,NY,Staten Island,100.37.15.137,,,"[""against"",""NATO 's expansion"",""claiming"",""accession"",""detrimental"",""independence"",""bring"",""problems"",""economic burdens""]",XIE19990313.0173.tml,be__124__126###accession__100__109###claiming__80__88###are__48__51###bring__174__179,5,,,,"But some other parties and social organizations are against NATO's expansion, claiming Hungary's accession to NATO would be detrimental to the country's independence and bring about new problems and economic burdens to the country.","But some other parties and social organizations are against NATO 's expansion , claiming Hungary 's accession to NATO would be detrimental to the country 's independence and bring about new problems and economic burdens to the country . ",10,,39
1893181924,9/3/2018 21:27:27,4027336028,9/3/2018 21:26:27,false,prodege,1,38202325,USA,ME,Limestone,98.13.82.121,,,"[""against"",""NATO 's expansion"",""Hungary 's accession to NATO"",""independence"",""problems"",""economic burdens""]",XIE19990313.0173.tml,be__124__126###accession__100__109###claiming__80__88###are__48__51###bring__174__179,5,,,,"But some other parties and social organizations are against NATO's expansion, claiming Hungary's accession to NATO would be detrimental to the country's independence and bring about new problems and economic burdens to the country.","But some other parties and social organizations are against NATO 's expansion , claiming Hungary 's accession to NATO would be detrimental to the country 's independence and bring about new problems and economic burdens to the country . ",10,,39
1893181924,9/4/2018 00:27:59,4027720425,9/4/2018 00:27:29,false,gifthunterclub,1,44453708,CAN,BC,Coquitlam,71.19.251.144,,,"[""against"",""NATO"",""expansion"",""country"",""independence"",""new"",""problems""]",XIE19990313.0173.tml,be__124__126###accession__100__109###claiming__80__88###are__48__51###bring__174__179,5,,,,"But some other parties and social organizations are against NATO's expansion, claiming Hungary's accession to NATO would be detrimental to the country's independence and bring about new problems and economic burdens to the country.","But some other parties and social organizations are against NATO 's expansion , claiming Hungary 's accession to NATO would be detrimental to the country 's independence and bring about new problems and economic burdens to the country . ",10,,39
1893181924,9/3/2018 22:05:33,4027426555,9/3/2018 22:03:00,false,fusioncash,1,41545007,USA,NV,Las Vegas,24.120.53.14,,,"[""are against"",""claiming"",""claiming""]",XIE19990313.0173.tml,be__124__126###accession__100__109###claiming__80__88###are__48__51###bring__174__179,5,,,,"But some other parties and social organizations are against NATO's expansion, claiming Hungary's accession to NATO would be detrimental to the country's independence and bring about new problems and economic burdens to the country.","But some other parties and social organizations are against NATO 's expansion , claiming Hungary 's accession to NATO would be detrimental to the country 's independence and bring about new problems and economic burdens to the country . ",10,,39
1893181924,9/4/2018 05:52:41,4028300905,9/4/2018 05:52:28,false,instagc,1,30145358,CAN,QC,Jonquière,96.21.132.139,,,"[""are"",""claiming"",""be"",""burdens""]",XIE19990313.0173.tml,be__124__126###accession__100__109###claiming__80__88###are__48__51###bring__174__179,5,,,,"But some other parties and social organizations are against NATO's expansion, claiming Hungary's accession to NATO would be detrimental to the country's independence and bring about new problems and economic burdens to the country.","But some other parties and social organizations are against NATO 's expansion , claiming Hungary 's accession to NATO would be detrimental to the country 's independence and bring about new problems and economic burdens to the country . ",10,,39
1893181924,9/3/2018 19:21:46,4026990381,9/3/2018 19:21:31,false,elite,1,31883685,GBR,I2,Manchester,2.98.53.46,,,"[""expansion"",""accession"",""bring about""]",XIE19990313.0173.tml,be__124__126###accession__100__109###claiming__80__88###are__48__51###bring__174__179,5,,,,"But some other parties and social organizations are against NATO's expansion, claiming Hungary's accession to NATO would be detrimental to the country's independence and bring about new problems and economic burdens to the country.","But some other parties and social organizations are against NATO 's expansion , claiming Hungary 's accession to NATO would be detrimental to the country 's independence and bring about new problems and economic burdens to the country . ",10,,39
1893181924,9/4/2018 05:08:42,4028228595,9/4/2018 05:07:56,false,prodege,1,27934334,GBR,O6,Altrincham,81.147.170.37,,,"[""NATO 's expansion"",""claiming"",""accession""]",XIE19990313.0173.tml,be__124__126###accession__100__109###claiming__80__88###are__48__51###bring__174__179,5,,,,"But some other parties and social organizations are against NATO's expansion, claiming Hungary's accession to NATO would be detrimental to the country's independence and bring about new problems and economic burdens to the country.","But some other parties and social organizations are against NATO 's expansion , claiming Hungary 's accession to NATO would be detrimental to the country 's independence and bring about new problems and economic burdens to the country . ",10,,39
1893181924,9/4/2018 03:35:58,4028069966,9/4/2018 03:35:01,false,prodege,1,22716106,CAN,SK,Saskatoon,207.195.120.146,,,"[""NATO 's expansion"",""Hungary 's accession to NATO"",""bring about"",""new problems and economic burdens""]",XIE19990313.0173.tml,be__124__126###accession__100__109###claiming__80__88###are__48__51###bring__174__179,5,,,,"But some other parties and social organizations are against NATO's expansion, claiming Hungary's accession to NATO would be detrimental to the country's independence and bring about new problems and economic burdens to the country.","But some other parties and social organizations are against NATO 's expansion , claiming Hungary 's accession to NATO would be detrimental to the country 's independence and bring about new problems and economic burdens to the country . ",10,,39
1893181924,9/3/2018 17:58:57,4026775941,9/3/2018 17:58:26,false,prodege,1,1924522,USA,NY,New York,108.54.54.93,,,"[""NATO 's expansion"",""Hungary 's accession to NATO""]",XIE19990313.0173.tml,be__124__126###accession__100__109###claiming__80__88###are__48__51###bring__174__179,5,,,,"But some other parties and social organizations are against NATO's expansion, claiming Hungary's accession to NATO would be detrimental to the country's independence and bring about new problems and economic burdens to the country.","But some other parties and social organizations are against NATO 's expansion , claiming Hungary 's accession to NATO would be detrimental to the country 's independence and bring about new problems and economic burdens to the country . ",10,,39
1893181924,9/3/2018 23:03:27,4027550774,9/3/2018 23:02:45,false,instagc,1,29289135,CAN,QC,Saint-hubert,174.91.248.234,,,"[""NATO 's expansion""]",XIE19990313.0173.tml,be__124__126###accession__100__109###claiming__80__88###are__48__51###bring__174__179,5,,,,"But some other parties and social organizations are against NATO's expansion, claiming Hungary's accession to NATO would be detrimental to the country's independence and bring about new problems and economic burdens to the country.","But some other parties and social organizations are against NATO 's expansion , claiming Hungary 's accession to NATO would be detrimental to the country 's independence and bring about new problems and economic burdens to the country . ",10,,39
1893181924,9/4/2018 04:16:59,4028146478,9/4/2018 04:16:38,false,neodev,1,11063039,GBR,I7,Newcastle Upon Tyne,92.5.194.18,,,"[""NATO"",""Hungary""]",XIE19990313.0173.tml,be__124__126###accession__100__109###claiming__80__88###are__48__51###bring__174__179,5,,,,"But some other parties and social organizations are against NATO's expansion, claiming Hungary's accession to NATO would be detrimental to the country's independence and bring about new problems and economic burdens to the country.","But some other parties and social organizations are against NATO 's expansion , claiming Hungary 's accession to NATO would be detrimental to the country 's independence and bring about new problems and economic burdens to the country . ",10,,39
1893181924,9/3/2018 21:00:49,4027274187,9/3/2018 21:00:27,false,neodev,1,44809353,USA,NJ,Jersey City,206.189.233.136,,,"[""problems""]",XIE19990313.0173.tml,be__124__126###accession__100__109###claiming__80__88###are__48__51###bring__174__179,5,,,,"But some other parties and social organizations are against NATO's expansion, claiming Hungary's accession to NATO would be detrimental to the country's independence and bring about new problems and economic burdens to the country.","But some other parties and social organizations are against NATO 's expansion , claiming Hungary 's accession to NATO would be detrimental to the country 's independence and bring about new problems and economic burdens to the country . ",10,,39
1893181924,9/3/2018 20:13:44,4027136389,9/3/2018 20:12:32,false,prodege,1,18972023,GBR,C9,Carlisle,146.198.63.229,,,"[""some other parties and social organizations are against NATO 's expansion""]",XIE19990313.0173.tml,be__124__126###accession__100__109###claiming__80__88###are__48__51###bring__174__179,5,,,,"But some other parties and social organizations are against NATO's expansion, claiming Hungary's accession to NATO would be detrimental to the country's independence and bring about new problems and economic burdens to the country.","But some other parties and social organizations are against NATO 's expansion , claiming Hungary 's accession to NATO would be detrimental to the country 's independence and bring about new problems and economic burdens to the country . ",10,,39
1893181924,9/3/2018 15:36:07,4026464784,9/3/2018 15:35:58,false,prodege,1,3587109,CAN,NS,Inverness,99.192.28.178,,,"[""would be detrimental to the country 's independence""]",XIE19990313.0173.tml,be__124__126###accession__100__109###claiming__80__88###are__48__51###bring__174__179,5,,,,"But some other parties and social organizations are against NATO's expansion, claiming Hungary's accession to NATO would be detrimental to the country's independence and bring about new problems and economic burdens to the country.","But some other parties and social organizations are against NATO 's expansion , claiming Hungary 's accession to NATO would be detrimental to the country 's independence and bring about new problems and economic burdens to the country . ",10,,39
1893181925,9/4/2018 04:17:17,4028146944,9/4/2018 04:17:00,false,neodev,1,11063039,GBR,I7,Newcastle Upon Tyne,92.5.194.18,,,"[""democracies"",""Solana""]",XIE19990313.0229.tml,disasters__141__150###been__101__105###stabilize__60__69###helps__51__56###Extending__3__12###wars__214__218###referring__187__196###added__179__184,8,,,,"``Extending membership to these three democracies helps to stabilize a region that historically has been the staging ground for many of the disasters of this century,'' Solana added, referring to the two world wars.","`` Extending membership to these three democracies helps to stabilize a region that historically has been the staging ground for many of the disasters of this century , '' Solana added , referring to the two world wars . ",12,,39
1893181925,9/3/2018 23:03:47,4027551456,9/3/2018 23:03:28,false,instagc,1,29289135,CAN,QC,Saint-hubert,174.91.248.234,,,"[""disasters"",""world wars""]",XIE19990313.0229.tml,disasters__141__150###been__101__105###stabilize__60__69###helps__51__56###Extending__3__12###wars__214__218###referring__187__196###added__179__184,8,,,,"``Extending membership to these three democracies helps to stabilize a region that historically has been the staging ground for many of the disasters of this century,'' Solana added, referring to the two world wars.","`` Extending membership to these three democracies helps to stabilize a region that historically has been the staging ground for many of the disasters of this century , '' Solana added , referring to the two world wars . ",12,,39
1893181925,9/3/2018 17:59:28,4026777077,9/3/2018 17:58:58,false,prodege,1,1924522,USA,NY,New York,108.54.54.93,,,"[""Extending membership to these three democracies"",""stabilize a region"",""staging ground for many of the disasters of this century"",""the two world wars""]",XIE19990313.0229.tml,disasters__141__150###been__101__105###stabilize__60__69###helps__51__56###Extending__3__12###wars__214__218###referring__187__196###added__179__184,8,,,,"``Extending membership to these three democracies helps to stabilize a region that historically has been the staging ground for many of the disasters of this century,'' Solana added, referring to the two world wars.","`` Extending membership to these three democracies helps to stabilize a region that historically has been the staging ground for many of the disasters of this century , '' Solana added , referring to the two world wars . ",12,,39
1893181925,9/4/2018 05:09:13,4028229528,9/4/2018 05:08:44,false,prodege,1,27934334,GBR,O6,Altrincham,81.147.170.37,,,"[""Extending membership"",""added""]",XIE19990313.0229.tml,disasters__141__150###been__101__105###stabilize__60__69###helps__51__56###Extending__3__12###wars__214__218###referring__187__196###added__179__184,8,,,,"``Extending membership to these three democracies helps to stabilize a region that historically has been the staging ground for many of the disasters of this century,'' Solana added, referring to the two world wars.","`` Extending membership to these three democracies helps to stabilize a region that historically has been the staging ground for many of the disasters of this century , '' Solana added , referring to the two world wars . ",12,,39
1893181925,9/3/2018 22:06:47,4027429932,9/3/2018 22:05:34,false,fusioncash,1,41545007,USA,NV,Las Vegas,24.120.53.14,,,"[""Extending membership"",""helps to stabilize"",""has"",""been"",""staging"",""ground"",""many"",""disasters""]",XIE19990313.0229.tml,disasters__141__150###been__101__105###stabilize__60__69###helps__51__56###Extending__3__12###wars__214__218###referring__187__196###added__179__184,8,,,,"``Extending membership to these three democracies helps to stabilize a region that historically has been the staging ground for many of the disasters of this century,'' Solana added, referring to the two world wars.","`` Extending membership to these three democracies helps to stabilize a region that historically has been the staging ground for many of the disasters of this century , '' Solana added , referring to the two world wars . ",12,,39
1893181925,9/3/2018 21:29:22,4027339891,9/3/2018 21:27:28,false,prodege,1,38202325,USA,ME,Limestone,98.13.82.121,,,"[""Extending membership"",""stabilize"",""disasters"",""two world wars""]",XIE19990313.0229.tml,disasters__141__150###been__101__105###stabilize__60__69###helps__51__56###Extending__3__12###wars__214__218###referring__187__196###added__179__184,8,,,,"``Extending membership to these three democracies helps to stabilize a region that historically has been the staging ground for many of the disasters of this century,'' Solana added, referring to the two world wars.","`` Extending membership to these three democracies helps to stabilize a region that historically has been the staging ground for many of the disasters of this century , '' Solana added , referring to the two world wars . ",12,,39
1893181925,9/4/2018 03:36:56,4028071768,9/4/2018 03:35:59,false,prodege,1,22716106,CAN,SK,Saskatoon,207.195.120.146,,,"[""Extending membership"",""stabilize"",""disasters"",""two world wars""]",XIE19990313.0229.tml,disasters__141__150###been__101__105###stabilize__60__69###helps__51__56###Extending__3__12###wars__214__218###referring__187__196###added__179__184,8,,,,"``Extending membership to these three democracies helps to stabilize a region that historically has been the staging ground for many of the disasters of this century,'' Solana added, referring to the two world wars.","`` Extending membership to these three democracies helps to stabilize a region that historically has been the staging ground for many of the disasters of this century , '' Solana added , referring to the two world wars . ",12,,39
1893181925,9/3/2018 15:36:14,4026464949,9/3/2018 15:36:08,false,prodege,1,3587109,CAN,NS,Inverness,99.192.28.178,,,"[""Extending membership""]",XIE19990313.0229.tml,disasters__141__150###been__101__105###stabilize__60__69###helps__51__56###Extending__3__12###wars__214__218###referring__187__196###added__179__184,8,,,,"``Extending membership to these three democracies helps to stabilize a region that historically has been the staging ground for many of the disasters of this century,'' Solana added, referring to the two world wars.","`` Extending membership to these three democracies helps to stabilize a region that historically has been the staging ground for many of the disasters of this century , '' Solana added , referring to the two world wars . ",12,,39
1893181925,9/4/2018 06:16:28,4028336513,9/4/2018 06:16:02,false,instagc,1,30145358,CAN,QC,Jonquière,96.21.132.139,,,"[""Extending"",""helps"",""stabilize"",""added"",""referring""]",XIE19990313.0229.tml,disasters__141__150###been__101__105###stabilize__60__69###helps__51__56###Extending__3__12###wars__214__218###referring__187__196###added__179__184,8,,,,"``Extending membership to these three democracies helps to stabilize a region that historically has been the staging ground for many of the disasters of this century,'' Solana added, referring to the two world wars.","`` Extending membership to these three democracies helps to stabilize a region that historically has been the staging ground for many of the disasters of this century , '' Solana added , referring to the two world wars . ",12,,39
1893181925,9/3/2018 15:29:25,4026452451,9/3/2018 15:28:47,false,elite,1,39017656,CAN,BC,Kelowna,24.71.170.141,,,"[""Extending"",""helps"",""stabilize"",""disasters"",""added"",""world wars .""]",XIE19990313.0229.tml,disasters__141__150###been__101__105###stabilize__60__69###helps__51__56###Extending__3__12###wars__214__218###referring__187__196###added__179__184,8,,,,"``Extending membership to these three democracies helps to stabilize a region that historically has been the staging ground for many of the disasters of this century,'' Solana added, referring to the two world wars.","`` Extending membership to these three democracies helps to stabilize a region that historically has been the staging ground for many of the disasters of this century , '' Solana added , referring to the two world wars . ",12,,39
1893181925,9/3/2018 19:22:07,4026991174,9/3/2018 19:21:48,false,elite,1,31883685,GBR,I2,Manchester,2.98.53.46,,,"[""Extending"",""helps"",""stabilize"",""disasters"",""referring"",""world wars""]",XIE19990313.0229.tml,disasters__141__150###been__101__105###stabilize__60__69###helps__51__56###Extending__3__12###wars__214__218###referring__187__196###added__179__184,8,,,,"``Extending membership to these three democracies helps to stabilize a region that historically has been the staging ground for many of the disasters of this century,'' Solana added, referring to the two world wars.","`` Extending membership to these three democracies helps to stabilize a region that historically has been the staging ground for many of the disasters of this century , '' Solana added , referring to the two world wars . ",12,,39
1893181925,9/3/2018 17:00:53,4026642027,9/3/2018 16:59:56,false,prodege,1,11131207,CAN,ON,Ajax,99.231.237.220,,,"[""Extending"",""stabilize"",""added""]",XIE19990313.0229.tml,disasters__141__150###been__101__105###stabilize__60__69###helps__51__56###Extending__3__12###wars__214__218###referring__187__196###added__179__184,8,,,,"``Extending membership to these three democracies helps to stabilize a region that historically has been the staging ground for many of the disasters of this century,'' Solana added, referring to the two world wars.","`` Extending membership to these three democracies helps to stabilize a region that historically has been the staging ground for many of the disasters of this century , '' Solana added , referring to the two world wars . ",12,,39
1893181925,9/3/2018 16:08:54,4026523758,9/3/2018 16:08:40,false,instagc,1,39127197,GBR,N9,Swindon,151.228.218.179,,,"[""Extending"",""stabilize"",""disasters"",""added"",""referring""]",XIE19990313.0229.tml,disasters__141__150###been__101__105###stabilize__60__69###helps__51__56###Extending__3__12###wars__214__218###referring__187__196###added__179__184,8,,,,"``Extending membership to these three democracies helps to stabilize a region that historically has been the staging ground for many of the disasters of this century,'' Solana added, referring to the two world wars.","`` Extending membership to these three democracies helps to stabilize a region that historically has been the staging ground for many of the disasters of this century , '' Solana added , referring to the two world wars . ",12,,39
1893181925,9/4/2018 01:32:52,4027843708,9/4/2018 01:32:03,false,instagc,1,34534543,USA,NY,Staten Island,100.37.15.137,,,"[""helps"",""stabilize"",""disasters"",""referring""]",XIE19990313.0229.tml,disasters__141__150###been__101__105###stabilize__60__69###helps__51__56###Extending__3__12###wars__214__218###referring__187__196###added__179__184,8,,,,"``Extending membership to these three democracies helps to stabilize a region that historically has been the staging ground for many of the disasters of this century,'' Solana added, referring to the two world wars.","`` Extending membership to these three democracies helps to stabilize a region that historically has been the staging ground for many of the disasters of this century , '' Solana added , referring to the two world wars . ",12,,39
1893181925,9/4/2018 00:28:39,4027721783,9/4/2018 00:28:03,false,gifthunterclub,1,44453708,CAN,BC,Coquitlam,71.19.251.144,,,"[""helps"",""to"",""stabilize"",""the"",""disasters"",""the"",""two"",""world"",""wars""]",XIE19990313.0229.tml,disasters__141__150###been__101__105###stabilize__60__69###helps__51__56###Extending__3__12###wars__214__218###referring__187__196###added__179__184,8,,,,"``Extending membership to these three democracies helps to stabilize a region that historically has been the staging ground for many of the disasters of this century,'' Solana added, referring to the two world wars.","`` Extending membership to these three democracies helps to stabilize a region that historically has been the staging ground for many of the disasters of this century , '' Solana added , referring to the two world wars . ",12,,39
1893181925,9/4/2018 05:14:36,4028239565,9/4/2018 05:13:32,false,clixsense,1,28521374,USA,TX,Glen Rose,174.130.152.252,,,"[""membership"",""stabilize"",""disasters"",""added""]",XIE19990313.0229.tml,disasters__141__150###been__101__105###stabilize__60__69###helps__51__56###Extending__3__12###wars__214__218###referring__187__196###added__179__184,8,,,,"``Extending membership to these three democracies helps to stabilize a region that historically has been the staging ground for many of the disasters of this century,'' Solana added, referring to the two world wars.","`` Extending membership to these three democracies helps to stabilize a region that historically has been the staging ground for many of the disasters of this century , '' Solana added , referring to the two world wars . ",12,,39
1893181925,9/3/2018 19:21:39,4026990091,9/3/2018 19:20:51,false,clixsense,1,44255568,USA,NY,Ithaca,68.175.152.222,,,"[""stabilize"",""staging""]",XIE19990313.0229.tml,disasters__141__150###been__101__105###stabilize__60__69###helps__51__56###Extending__3__12###wars__214__218###referring__187__196###added__179__184,8,,,,"``Extending membership to these three democracies helps to stabilize a region that historically has been the staging ground for many of the disasters of this century,'' Solana added, referring to the two world wars.","`` Extending membership to these three democracies helps to stabilize a region that historically has been the staging ground for many of the disasters of this century , '' Solana added , referring to the two world wars . ",12,,39
1893181925,9/3/2018 20:47:39,4027241509,9/3/2018 20:47:04,false,clixsense,1,6413571,USA,FL,Mount Dora,76.4.108.56,,,"[""stabilize"",""world"",""wars""]",XIE19990313.0229.tml,disasters__141__150###been__101__105###stabilize__60__69###helps__51__56###Extending__3__12###wars__214__218###referring__187__196###added__179__184,8,,,,"``Extending membership to these three democracies helps to stabilize a region that historically has been the staging ground for many of the disasters of this century,'' Solana added, referring to the two world wars.","`` Extending membership to these three democracies helps to stabilize a region that historically has been the staging ground for many of the disasters of this century , '' Solana added , referring to the two world wars . ",12,,39
1893181925,9/3/2018 20:14:31,4027139059,9/3/2018 20:13:46,false,prodege,1,18972023,GBR,C9,Carlisle,146.198.63.229,,,"[""staging ground for many of the disasters of this century , '' Solana added , referring to the two world wars""]",XIE19990313.0229.tml,disasters__141__150###been__101__105###stabilize__60__69###helps__51__56###Extending__3__12###wars__214__218###referring__187__196###added__179__184,8,,,,"``Extending membership to these three democracies helps to stabilize a region that historically has been the staging ground for many of the disasters of this century,'' Solana added, referring to the two world wars.","`` Extending membership to these three democracies helps to stabilize a region that historically has been the staging ground for many of the disasters of this century , '' Solana added , referring to the two world wars . ",12,,39
1893181925,9/3/2018 21:01:28,4027275786,9/3/2018 21:00:51,false,neodev,1,44809353,USA,NJ,Jersey City,206.189.233.136,,,"[""staging""]",XIE19990313.0229.tml,disasters__141__150###been__101__105###stabilize__60__69###helps__51__56###Extending__3__12###wars__214__218###referring__187__196###added__179__184,8,,,,"``Extending membership to these three democracies helps to stabilize a region that historically has been the staging ground for many of the disasters of this century,'' Solana added, referring to the two world wars.","`` Extending membership to these three democracies helps to stabilize a region that historically has been the staging ground for many of the disasters of this century , '' Solana added , referring to the two world wars . ",12,,39
1893181926,9/4/2018 05:15:55,4028241737,9/4/2018 05:14:37,false,clixsense,1,28521374,USA,TX,Glen Rose,174.130.152.252,,,"[""buildup"",""camped"",""guard""]",AP900815-0044.tml,thrust__186__192###guard__149__154###camped__121__127###continued__42__51###part__91__95###buildup__18__25,6,,,,"The U.S. military buildup in Saudi Arabia continued at fever pace, with Syrian troops now part of a multinational force camped out in the desert to guard the Saudi kingdom from any new thrust by Iraq.","The U.S. military buildup in Saudi Arabia continued at fever pace , with Syrian troops now part of a multinational force camped out in the desert to guard the Saudi kingdom from any new thrust by Iraq . ",11,,38
1893181926,9/3/2018 20:48:06,4027242391,9/3/2018 20:47:41,false,clixsense,1,6413571,USA,FL,Mount Dora,76.4.108.56,,,"[""buildup"",""camped""]",AP900815-0044.tml,thrust__186__192###guard__149__154###camped__121__127###continued__42__51###part__91__95###buildup__18__25,6,,,,"The U.S. military buildup in Saudi Arabia continued at fever pace, with Syrian troops now part of a multinational force camped out in the desert to guard the Saudi kingdom from any new thrust by Iraq.","The U.S. military buildup in Saudi Arabia continued at fever pace , with Syrian troops now part of a multinational force camped out in the desert to guard the Saudi kingdom from any new thrust by Iraq . ",11,,38
1893181926,9/3/2018 16:09:05,4026524163,9/3/2018 16:08:55,false,instagc,1,39127197,GBR,N9,Swindon,151.228.218.179,,,"[""buildup"",""continued"",""camped"",""guard""]",AP900815-0044.tml,thrust__186__192###guard__149__154###camped__121__127###continued__42__51###part__91__95###buildup__18__25,6,,,,"The U.S. military buildup in Saudi Arabia continued at fever pace, with Syrian troops now part of a multinational force camped out in the desert to guard the Saudi kingdom from any new thrust by Iraq.","The U.S. military buildup in Saudi Arabia continued at fever pace , with Syrian troops now part of a multinational force camped out in the desert to guard the Saudi kingdom from any new thrust by Iraq . ",11,,38
1893181926,9/3/2018 19:22:26,4026991983,9/3/2018 19:22:08,false,elite,1,31883685,GBR,I2,Manchester,2.98.53.46,,,"[""buildup"",""continued"",""guard"",""thrust""]",AP900815-0044.tml,thrust__186__192###guard__149__154###camped__121__127###continued__42__51###part__91__95###buildup__18__25,6,,,,"The U.S. military buildup in Saudi Arabia continued at fever pace, with Syrian troops now part of a multinational force camped out in the desert to guard the Saudi kingdom from any new thrust by Iraq.","The U.S. military buildup in Saudi Arabia continued at fever pace , with Syrian troops now part of a multinational force camped out in the desert to guard the Saudi kingdom from any new thrust by Iraq . ",11,,38
1893181926,9/3/2018 22:08:16,4027434548,9/3/2018 22:06:49,false,fusioncash,1,41545007,USA,NV,Las Vegas,24.120.53.14,,,"[""buildup"",""continued"",""Syrian"",""troops"",""to guard"",""to"",""Saudi"",""kingdom""]",AP900815-0044.tml,thrust__186__192###guard__149__154###camped__121__127###continued__42__51###part__91__95###buildup__18__25,6,,,,"The U.S. military buildup in Saudi Arabia continued at fever pace, with Syrian troops now part of a multinational force camped out in the desert to guard the Saudi kingdom from any new thrust by Iraq.","The U.S. military buildup in Saudi Arabia continued at fever pace , with Syrian troops now part of a multinational force camped out in the desert to guard the Saudi kingdom from any new thrust by Iraq . ",11,,38
1893181926,9/3/2018 19:22:29,4026992135,9/3/2018 19:21:40,false,clixsense,1,44255568,USA,NY,Ithaca,68.175.152.222,,,"[""buildup"",""pace"",""guard"",""thrust""]",AP900815-0044.tml,thrust__186__192###guard__149__154###camped__121__127###continued__42__51###part__91__95###buildup__18__25,6,,,,"The U.S. military buildup in Saudi Arabia continued at fever pace, with Syrian troops now part of a multinational force camped out in the desert to guard the Saudi kingdom from any new thrust by Iraq.","The U.S. military buildup in Saudi Arabia continued at fever pace , with Syrian troops now part of a multinational force camped out in the desert to guard the Saudi kingdom from any new thrust by Iraq . ",11,,38
1893181926,9/4/2018 06:17:56,4028338582,9/4/2018 06:16:29,false,instagc,1,30145358,CAN,QC,Jonquière,96.21.132.139,,,"[""continued"",""camped"",""guard""]",AP900815-0044.tml,thrust__186__192###guard__149__154###camped__121__127###continued__42__51###part__91__95###buildup__18__25,6,,,,"The U.S. military buildup in Saudi Arabia continued at fever pace, with Syrian troops now part of a multinational force camped out in the desert to guard the Saudi kingdom from any new thrust by Iraq.","The U.S. military buildup in Saudi Arabia continued at fever pace , with Syrian troops now part of a multinational force camped out in the desert to guard the Saudi kingdom from any new thrust by Iraq . ",11,,38
1893181926,9/3/2018 15:36:22,4026465128,9/3/2018 15:36:15,false,prodege,1,3587109,CAN,NS,Inverness,99.192.28.178,,,"[""continued""]",AP900815-0044.tml,thrust__186__192###guard__149__154###camped__121__127###continued__42__51###part__91__95###buildup__18__25,6,,,,"The U.S. military buildup in Saudi Arabia continued at fever pace, with Syrian troops now part of a multinational force camped out in the desert to guard the Saudi kingdom from any new thrust by Iraq.","The U.S. military buildup in Saudi Arabia continued at fever pace , with Syrian troops now part of a multinational force camped out in the desert to guard the Saudi kingdom from any new thrust by Iraq . ",11,,38
1893181926,9/3/2018 21:01:51,4027276671,9/3/2018 21:01:29,false,neodev,1,44809353,USA,NJ,Jersey City,206.189.233.136,,,"[""continued""]",AP900815-0044.tml,thrust__186__192###guard__149__154###camped__121__127###continued__42__51###part__91__95###buildup__18__25,6,,,,"The U.S. military buildup in Saudi Arabia continued at fever pace, with Syrian troops now part of a multinational force camped out in the desert to guard the Saudi kingdom from any new thrust by Iraq.","The U.S. military buildup in Saudi Arabia continued at fever pace , with Syrian troops now part of a multinational force camped out in the desert to guard the Saudi kingdom from any new thrust by Iraq . ",11,,38
1893181926,9/4/2018 01:34:02,4027845884,9/4/2018 01:32:53,false,instagc,1,34534543,USA,NY,Staten Island,100.37.15.137,,,"[""military buildup"",""continued"",""camped out"",""guard"",""thrust""]",AP900815-0044.tml,thrust__186__192###guard__149__154###camped__121__127###continued__42__51###part__91__95###buildup__18__25,6,,,,"The U.S. military buildup in Saudi Arabia continued at fever pace, with Syrian troops now part of a multinational force camped out in the desert to guard the Saudi kingdom from any new thrust by Iraq.","The U.S. military buildup in Saudi Arabia continued at fever pace , with Syrian troops now part of a multinational force camped out in the desert to guard the Saudi kingdom from any new thrust by Iraq . ",11,,38
1893181926,9/4/2018 05:09:41,4028230440,9/4/2018 05:09:14,false,prodege,1,27934334,GBR,O6,Altrincham,81.147.170.37,,,"[""military buildup"",""continued"",""camped out"",""guard""]",AP900815-0044.tml,thrust__186__192###guard__149__154###camped__121__127###continued__42__51###part__91__95###buildup__18__25,6,,,,"The U.S. military buildup in Saudi Arabia continued at fever pace, with Syrian troops now part of a multinational force camped out in the desert to guard the Saudi kingdom from any new thrust by Iraq.","The U.S. military buildup in Saudi Arabia continued at fever pace , with Syrian troops now part of a multinational force camped out in the desert to guard the Saudi kingdom from any new thrust by Iraq . ",11,,38
1893181926,9/3/2018 15:30:05,4026453632,9/3/2018 15:29:26,false,elite,1,39017656,CAN,BC,Kelowna,24.71.170.141,,,"[""military buildup"",""continued"",""camped"",""guard"",""thrust""]",AP900815-0044.tml,thrust__186__192###guard__149__154###camped__121__127###continued__42__51###part__91__95###buildup__18__25,6,,,,"The U.S. military buildup in Saudi Arabia continued at fever pace, with Syrian troops now part of a multinational force camped out in the desert to guard the Saudi kingdom from any new thrust by Iraq.","The U.S. military buildup in Saudi Arabia continued at fever pace , with Syrian troops now part of a multinational force camped out in the desert to guard the Saudi kingdom from any new thrust by Iraq . ",11,,38
1893181926,9/4/2018 00:29:18,4027723333,9/4/2018 00:28:43,false,gifthunterclub,1,44453708,CAN,BC,Coquitlam,71.19.251.144,,,"[""multinational"",""force"",""camped"",""out"",""any"",""new"",""thrust""]",AP900815-0044.tml,thrust__186__192###guard__149__154###camped__121__127###continued__42__51###part__91__95###buildup__18__25,6,,,,"The U.S. military buildup in Saudi Arabia continued at fever pace, with Syrian troops now part of a multinational force camped out in the desert to guard the Saudi kingdom from any new thrust by Iraq.","The U.S. military buildup in Saudi Arabia continued at fever pace , with Syrian troops now part of a multinational force camped out in the desert to guard the Saudi kingdom from any new thrust by Iraq . ",11,,38
1893181926,9/4/2018 04:17:35,4028147318,9/4/2018 04:17:19,false,neodev,1,11063039,GBR,I7,Newcastle Upon Tyne,92.5.194.18,,,"[""Saudi"",""Arabia"",""Syrian"",""Saudi""]",AP900815-0044.tml,thrust__186__192###guard__149__154###camped__121__127###continued__42__51###part__91__95###buildup__18__25,6,,,,"The U.S. military buildup in Saudi Arabia continued at fever pace, with Syrian troops now part of a multinational force camped out in the desert to guard the Saudi kingdom from any new thrust by Iraq.","The U.S. military buildup in Saudi Arabia continued at fever pace , with Syrian troops now part of a multinational force camped out in the desert to guard the Saudi kingdom from any new thrust by Iraq . ",11,,38
1893181926,9/3/2018 20:14:51,4027140234,9/3/2018 20:14:33,false,prodege,1,18972023,GBR,C9,Carlisle,146.198.63.229,,,"[""The U.S. military buildup in Saudi Arabia continued at fever pace , with Syrian troops now part of a multinational force camped out in the desert to guard the Saudi kingdom from any new thrust by Iraq .""]",AP900815-0044.tml,thrust__186__192###guard__149__154###camped__121__127###continued__42__51###part__91__95###buildup__18__25,6,,,,"The U.S. military buildup in Saudi Arabia continued at fever pace, with Syrian troops now part of a multinational force camped out in the desert to guard the Saudi kingdom from any new thrust by Iraq.","The U.S. military buildup in Saudi Arabia continued at fever pace , with Syrian troops now part of a multinational force camped out in the desert to guard the Saudi kingdom from any new thrust by Iraq . ",11,,38
1893181926,9/4/2018 03:37:55,4028073453,9/4/2018 03:36:58,false,prodege,1,22716106,CAN,SK,Saskatoon,207.195.120.146,,,"[""U.S. military buildup"",""camped out"",""guard"",""new thrust""]",AP900815-0044.tml,thrust__186__192###guard__149__154###camped__121__127###continued__42__51###part__91__95###buildup__18__25,6,,,,"The U.S. military buildup in Saudi Arabia continued at fever pace, with Syrian troops now part of a multinational force camped out in the desert to guard the Saudi kingdom from any new thrust by Iraq.","The U.S. military buildup in Saudi Arabia continued at fever pace , with Syrian troops now part of a multinational force camped out in the desert to guard the Saudi kingdom from any new thrust by Iraq . ",11,,38
1893181926,9/3/2018 21:29:57,4027341191,9/3/2018 21:29:23,false,prodege,1,38202325,USA,ME,Limestone,98.13.82.121,,,"[""U.S. military buildup"",""continued"",""camped"",""guard"",""thrust by Iraq""]",AP900815-0044.tml,thrust__186__192###guard__149__154###camped__121__127###continued__42__51###part__91__95###buildup__18__25,6,,,,"The U.S. military buildup in Saudi Arabia continued at fever pace, with Syrian troops now part of a multinational force camped out in the desert to guard the Saudi kingdom from any new thrust by Iraq.","The U.S. military buildup in Saudi Arabia continued at fever pace , with Syrian troops now part of a multinational force camped out in the desert to guard the Saudi kingdom from any new thrust by Iraq . ",11,,38
1893181926,9/3/2018 18:00:20,4026778975,9/3/2018 17:59:29,false,prodege,1,1924522,USA,NY,New York,108.54.54.93,,,"[""U.S. military buildup"",""continued"",""multinational force camped out in the desert"",""multinational"",""to guard the Saudi kingdom"",""new thrust""]",AP900815-0044.tml,thrust__186__192###guard__149__154###camped__121__127###continued__42__51###part__91__95###buildup__18__25,6,,,,"The U.S. military buildup in Saudi Arabia continued at fever pace, with Syrian troops now part of a multinational force camped out in the desert to guard the Saudi kingdom from any new thrust by Iraq.","The U.S. military buildup in Saudi Arabia continued at fever pace , with Syrian troops now part of a multinational force camped out in the desert to guard the Saudi kingdom from any new thrust by Iraq . ",11,,38
1893181926,9/3/2018 17:01:42,4026643612,9/3/2018 17:00:54,false,prodege,1,11131207,CAN,ON,Ajax,99.231.237.220,,,"[""U.S. military buildup"",""guard""]",AP900815-0044.tml,thrust__186__192###guard__149__154###camped__121__127###continued__42__51###part__91__95###buildup__18__25,6,,,,"The U.S. military buildup in Saudi Arabia continued at fever pace, with Syrian troops now part of a multinational force camped out in the desert to guard the Saudi kingdom from any new thrust by Iraq.","The U.S. military buildup in Saudi Arabia continued at fever pace , with Syrian troops now part of a multinational force camped out in the desert to guard the Saudi kingdom from any new thrust by Iraq . ",11,,38
1893181926,9/3/2018 23:04:10,4027552340,9/3/2018 23:03:48,false,instagc,1,29289135,CAN,QC,Saint-hubert,174.91.248.234,,,"[""U.S. military buildup"",""multinational force camped out in the desert""]",AP900815-0044.tml,thrust__186__192###guard__149__154###camped__121__127###continued__42__51###part__91__95###buildup__18__25,6,,,,"The U.S. military buildup in Saudi Arabia continued at fever pace, with Syrian troops now part of a multinational force camped out in the desert to guard the Saudi kingdom from any new thrust by Iraq.","The U.S. military buildup in Saudi Arabia continued at fever pace , with Syrian troops now part of a multinational force camped out in the desert to guard the Saudi kingdom from any new thrust by Iraq . ",11,,38
1893181927,9/3/2018 22:09:05,4027436653,9/3/2018 22:08:17,false,fusioncash,1,41545007,USA,NV,Las Vegas,24.120.53.14,,,"[""Iraq would retaliate against Venezuela and other OPEC"",""to fill the gap created by blocked""]",AP900815-0044.tml,blocked__184__191###said__34__38###retaliate__66__75###boost__136__141###fill__160__164###created__173__180,6,,,,The Iraqi ambassador to Venezuela said on Tuesday that Iraq would retaliate against Venezuela and other OPEC oil cartel members if they boost oil production to fill the gap created by blocked supplies from Iraq and Kuwait.,The Iraqi ambassador to Venezuela said on Tuesday that Iraq would retaliate against Venezuela and other OPEC oil cartel members if they boost oil production to fill the gap created by blocked supplies from Iraq and Kuwait .,32,,38
1893181927,9/3/2018 15:36:30,4026465417,9/3/2018 15:36:23,false,prodege,1,3587109,CAN,NS,Inverness,99.192.28.178,,,"[""Iraq would retaliate""]",AP900815-0044.tml,blocked__184__191###said__34__38###retaliate__66__75###boost__136__141###fill__160__164###created__173__180,6,,,,The Iraqi ambassador to Venezuela said on Tuesday that Iraq would retaliate against Venezuela and other OPEC oil cartel members if they boost oil production to fill the gap created by blocked supplies from Iraq and Kuwait.,The Iraqi ambassador to Venezuela said on Tuesday that Iraq would retaliate against Venezuela and other OPEC oil cartel members if they boost oil production to fill the gap created by blocked supplies from Iraq and Kuwait .,32,,38
1893181927,9/3/2018 20:15:18,4027141393,9/3/2018 20:14:53,false,prodege,1,18972023,GBR,C9,Carlisle,146.198.63.229,,,"[""Iraqi ambassador to Venezuela said on Tuesday""]",AP900815-0044.tml,blocked__184__191###said__34__38###retaliate__66__75###boost__136__141###fill__160__164###created__173__180,6,,,,The Iraqi ambassador to Venezuela said on Tuesday that Iraq would retaliate against Venezuela and other OPEC oil cartel members if they boost oil production to fill the gap created by blocked supplies from Iraq and Kuwait.,The Iraqi ambassador to Venezuela said on Tuesday that Iraq would retaliate against Venezuela and other OPEC oil cartel members if they boost oil production to fill the gap created by blocked supplies from Iraq and Kuwait .,32,,38
1893181927,9/4/2018 04:17:45,4028147496,9/4/2018 04:17:36,false,neodev,1,11063039,GBR,I7,Newcastle Upon Tyne,92.5.194.18,,,"[""Iraqi"",""Venezuela"",""OPEC"",""Kuwait""]",AP900815-0044.tml,blocked__184__191###said__34__38###retaliate__66__75###boost__136__141###fill__160__164###created__173__180,6,,,,The Iraqi ambassador to Venezuela said on Tuesday that Iraq would retaliate against Venezuela and other OPEC oil cartel members if they boost oil production to fill the gap created by blocked supplies from Iraq and Kuwait.,The Iraqi ambassador to Venezuela said on Tuesday that Iraq would retaliate against Venezuela and other OPEC oil cartel members if they boost oil production to fill the gap created by blocked supplies from Iraq and Kuwait .,32,,38
1893181927,9/3/2018 23:04:34,4027553258,9/3/2018 23:04:12,false,instagc,1,29289135,CAN,QC,Saint-hubert,174.91.248.234,,,"[""retaliate against Venezuela"",""blocked supplies""]",AP900815-0044.tml,blocked__184__191###said__34__38###retaliate__66__75###boost__136__141###fill__160__164###created__173__180,6,,,,The Iraqi ambassador to Venezuela said on Tuesday that Iraq would retaliate against Venezuela and other OPEC oil cartel members if they boost oil production to fill the gap created by blocked supplies from Iraq and Kuwait.,The Iraqi ambassador to Venezuela said on Tuesday that Iraq would retaliate against Venezuela and other OPEC oil cartel members if they boost oil production to fill the gap created by blocked supplies from Iraq and Kuwait .,32,,38
1893181927,9/4/2018 06:19:21,4028340401,9/4/2018 06:17:44,false,neodev,1,41746613,GBR,M2,Solihull,90.254.78.191,,,"[""retaliate"",""blocked""]",AP900815-0044.tml,blocked__184__191###said__34__38###retaliate__66__75###boost__136__141###fill__160__164###created__173__180,6,,,,The Iraqi ambassador to Venezuela said on Tuesday that Iraq would retaliate against Venezuela and other OPEC oil cartel members if they boost oil production to fill the gap created by blocked supplies from Iraq and Kuwait.,The Iraqi ambassador to Venezuela said on Tuesday that Iraq would retaliate against Venezuela and other OPEC oil cartel members if they boost oil production to fill the gap created by blocked supplies from Iraq and Kuwait .,32,,38
1893181927,9/4/2018 03:39:02,4028075423,9/4/2018 03:37:56,false,prodege,1,22716106,CAN,SK,Saskatoon,207.195.120.146,,,"[""retaliate"",""boost"",""oil production"",""fill"",""blocked supplies""]",AP900815-0044.tml,blocked__184__191###said__34__38###retaliate__66__75###boost__136__141###fill__160__164###created__173__180,6,,,,The Iraqi ambassador to Venezuela said on Tuesday that Iraq would retaliate against Venezuela and other OPEC oil cartel members if they boost oil production to fill the gap created by blocked supplies from Iraq and Kuwait.,The Iraqi ambassador to Venezuela said on Tuesday that Iraq would retaliate against Venezuela and other OPEC oil cartel members if they boost oil production to fill the gap created by blocked supplies from Iraq and Kuwait .,32,,38
1893181927,9/4/2018 06:19:10,4028340165,9/4/2018 06:17:58,false,instagc,1,30145358,CAN,QC,Jonquière,96.21.132.139,,,"[""said"",""boost"",""created""]",AP900815-0044.tml,blocked__184__191###said__34__38###retaliate__66__75###boost__136__141###fill__160__164###created__173__180,6,,,,The Iraqi ambassador to Venezuela said on Tuesday that Iraq would retaliate against Venezuela and other OPEC oil cartel members if they boost oil production to fill the gap created by blocked supplies from Iraq and Kuwait.,The Iraqi ambassador to Venezuela said on Tuesday that Iraq would retaliate against Venezuela and other OPEC oil cartel members if they boost oil production to fill the gap created by blocked supplies from Iraq and Kuwait .,32,,38
1893181927,9/4/2018 06:58:51,4028405286,9/4/2018 06:58:20,false,prodege,1,27934334,GBR,,,86.187.162.233,,,"[""said"",""created"",""blocked""]",AP900815-0044.tml,blocked__184__191###said__34__38###retaliate__66__75###boost__136__141###fill__160__164###created__173__180,6,,,,The Iraqi ambassador to Venezuela said on Tuesday that Iraq would retaliate against Venezuela and other OPEC oil cartel members if they boost oil production to fill the gap created by blocked supplies from Iraq and Kuwait.,The Iraqi ambassador to Venezuela said on Tuesday that Iraq would retaliate against Venezuela and other OPEC oil cartel members if they boost oil production to fill the gap created by blocked supplies from Iraq and Kuwait .,32,,38
1893181927,9/3/2018 18:00:55,4026780657,9/3/2018 18:00:21,false,prodege,1,1924522,USA,NY,New York,108.54.54.93,,,"[""said"",""Iraq would retaliate"",""boost oil production to"",""blocked supplies""]",AP900815-0044.tml,blocked__184__191###said__34__38###retaliate__66__75###boost__136__141###fill__160__164###created__173__180,6,,,,The Iraqi ambassador to Venezuela said on Tuesday that Iraq would retaliate against Venezuela and other OPEC oil cartel members if they boost oil production to fill the gap created by blocked supplies from Iraq and Kuwait.,The Iraqi ambassador to Venezuela said on Tuesday that Iraq would retaliate against Venezuela and other OPEC oil cartel members if they boost oil production to fill the gap created by blocked supplies from Iraq and Kuwait .,32,,38
1893181927,9/3/2018 19:23:00,4026993522,9/3/2018 19:22:27,false,elite,1,31883685,GBR,I2,Manchester,2.98.53.46,,,"[""said"",""retaliate"",""boost"",""created""]",AP900815-0044.tml,blocked__184__191###said__34__38###retaliate__66__75###boost__136__141###fill__160__164###created__173__180,6,,,,The Iraqi ambassador to Venezuela said on Tuesday that Iraq would retaliate against Venezuela and other OPEC oil cartel members if they boost oil production to fill the gap created by blocked supplies from Iraq and Kuwait.,The Iraqi ambassador to Venezuela said on Tuesday that Iraq would retaliate against Venezuela and other OPEC oil cartel members if they boost oil production to fill the gap created by blocked supplies from Iraq and Kuwait .,32,,38
1893181927,9/4/2018 01:34:32,4027846857,9/4/2018 01:34:03,false,instagc,1,34534543,USA,NY,Staten Island,100.37.15.137,,,"[""said"",""retaliate"",""boost"",""fill the gap"",""created"",""blocked""]",AP900815-0044.tml,blocked__184__191###said__34__38###retaliate__66__75###boost__136__141###fill__160__164###created__173__180,6,,,,The Iraqi ambassador to Venezuela said on Tuesday that Iraq would retaliate against Venezuela and other OPEC oil cartel members if they boost oil production to fill the gap created by blocked supplies from Iraq and Kuwait.,The Iraqi ambassador to Venezuela said on Tuesday that Iraq would retaliate against Venezuela and other OPEC oil cartel members if they boost oil production to fill the gap created by blocked supplies from Iraq and Kuwait .,32,,38
1893181927,9/3/2018 16:09:18,4026524527,9/3/2018 16:09:06,false,instagc,1,39127197,GBR,N9,Swindon,151.228.218.179,,,"[""said"",""retaliate"",""boost"",""fill"",""gap"",""created""]",AP900815-0044.tml,blocked__184__191###said__34__38###retaliate__66__75###boost__136__141###fill__160__164###created__173__180,6,,,,The Iraqi ambassador to Venezuela said on Tuesday that Iraq would retaliate against Venezuela and other OPEC oil cartel members if they boost oil production to fill the gap created by blocked supplies from Iraq and Kuwait.,The Iraqi ambassador to Venezuela said on Tuesday that Iraq would retaliate against Venezuela and other OPEC oil cartel members if they boost oil production to fill the gap created by blocked supplies from Iraq and Kuwait .,32,,38
1893181927,9/3/2018 15:30:46,4026455103,9/3/2018 15:30:06,false,elite,1,39017656,CAN,BC,Kelowna,24.71.170.141,,,"[""said"",""retaliate"",""boost"",""production"",""blocked""]",AP900815-0044.tml,blocked__184__191###said__34__38###retaliate__66__75###boost__136__141###fill__160__164###created__173__180,6,,,,The Iraqi ambassador to Venezuela said on Tuesday that Iraq would retaliate against Venezuela and other OPEC oil cartel members if they boost oil production to fill the gap created by blocked supplies from Iraq and Kuwait.,The Iraqi ambassador to Venezuela said on Tuesday that Iraq would retaliate against Venezuela and other OPEC oil cartel members if they boost oil production to fill the gap created by blocked supplies from Iraq and Kuwait .,32,,38
1893181927,9/3/2018 20:48:42,4027243710,9/3/2018 20:48:09,false,clixsense,1,6413571,USA,FL,Mount Dora,76.4.108.56,,,"[""said"",""retaliate"",""production""]",AP900815-0044.tml,blocked__184__191###said__34__38###retaliate__66__75###boost__136__141###fill__160__164###created__173__180,6,,,,The Iraqi ambassador to Venezuela said on Tuesday that Iraq would retaliate against Venezuela and other OPEC oil cartel members if they boost oil production to fill the gap created by blocked supplies from Iraq and Kuwait.,The Iraqi ambassador to Venezuela said on Tuesday that Iraq would retaliate against Venezuela and other OPEC oil cartel members if they boost oil production to fill the gap created by blocked supplies from Iraq and Kuwait .,32,,38
1893181927,9/3/2018 17:02:40,4026645708,9/3/2018 17:01:43,false,prodege,1,11131207,CAN,ON,Ajax,99.231.237.220,,,"[""said"",""retaliate""]",AP900815-0044.tml,blocked__184__191###said__34__38###retaliate__66__75###boost__136__141###fill__160__164###created__173__180,6,,,,The Iraqi ambassador to Venezuela said on Tuesday that Iraq would retaliate against Venezuela and other OPEC oil cartel members if they boost oil production to fill the gap created by blocked supplies from Iraq and Kuwait.,The Iraqi ambassador to Venezuela said on Tuesday that Iraq would retaliate against Venezuela and other OPEC oil cartel members if they boost oil production to fill the gap created by blocked supplies from Iraq and Kuwait .,32,,38
1893181927,9/4/2018 05:16:34,4028242771,9/4/2018 05:15:56,false,clixsense,1,28521374,USA,TX,Glen Rose,174.130.152.252,,,"[""said"",""retaliate""]",AP900815-0044.tml,blocked__184__191###said__34__38###retaliate__66__75###boost__136__141###fill__160__164###created__173__180,6,,,,The Iraqi ambassador to Venezuela said on Tuesday that Iraq would retaliate against Venezuela and other OPEC oil cartel members if they boost oil production to fill the gap created by blocked supplies from Iraq and Kuwait.,The Iraqi ambassador to Venezuela said on Tuesday that Iraq would retaliate against Venezuela and other OPEC oil cartel members if they boost oil production to fill the gap created by blocked supplies from Iraq and Kuwait .,32,,38
1893181927,9/4/2018 08:10:40,4028504536,9/4/2018 08:10:17,false,prodege,1,15555970,GBR,C9,Workington,81.147.57.42,,,"[""said"",""would retaliate against Venezuela"",""created""]",AP900815-0044.tml,blocked__184__191###said__34__38###retaliate__66__75###boost__136__141###fill__160__164###created__173__180,6,,,,The Iraqi ambassador to Venezuela said on Tuesday that Iraq would retaliate against Venezuela and other OPEC oil cartel members if they boost oil production to fill the gap created by blocked supplies from Iraq and Kuwait.,The Iraqi ambassador to Venezuela said on Tuesday that Iraq would retaliate against Venezuela and other OPEC oil cartel members if they boost oil production to fill the gap created by blocked supplies from Iraq and Kuwait .,32,,38
1893181927,9/3/2018 21:03:07,4027279836,9/3/2018 21:01:53,false,neodev,1,44809353,USA,NJ,Jersey City,206.189.233.136,,,"[""Venezuela""]",AP900815-0044.tml,blocked__184__191###said__34__38###retaliate__66__75###boost__136__141###fill__160__164###created__173__180,6,,,,The Iraqi ambassador to Venezuela said on Tuesday that Iraq would retaliate against Venezuela and other OPEC oil cartel members if they boost oil production to fill the gap created by blocked supplies from Iraq and Kuwait.,The Iraqi ambassador to Venezuela said on Tuesday that Iraq would retaliate against Venezuela and other OPEC oil cartel members if they boost oil production to fill the gap created by blocked supplies from Iraq and Kuwait .,32,,38
1893181927,9/4/2018 00:29:50,4027724283,9/4/2018 00:29:22,false,gifthunterclub,1,44453708,CAN,BC,Coquitlam,71.19.251.144,,,"[""would"",""retaliate"",""against"",""Venezuela"",""to"",""fill"",""the"",""gap""]",AP900815-0044.tml,blocked__184__191###said__34__38###retaliate__66__75###boost__136__141###fill__160__164###created__173__180,6,,,,The Iraqi ambassador to Venezuela said on Tuesday that Iraq would retaliate against Venezuela and other OPEC oil cartel members if they boost oil production to fill the gap created by blocked supplies from Iraq and Kuwait.,The Iraqi ambassador to Venezuela said on Tuesday that Iraq would retaliate against Venezuela and other OPEC oil cartel members if they boost oil production to fill the gap created by blocked supplies from Iraq and Kuwait .,32,,38
1893181928,9/4/2018 04:17:56,4028147752,9/4/2018 04:17:46,false,neodev,1,11063039,GBR,I7,Newcastle Upon Tyne,92.5.194.18,,,"[""barricade"",""Jordan"",""Aqaba""]",AP900815-0044.tml,flows__156__161###barricade__54__63###extended__86__94###told__5__9,4,,,,Bush told a news conference on Tuesday that the naval barricade now in force might be extended to Jordan's Aqaba ``if it is a hole through which commerce flows'' in and out of Iraq.,Bush told a news conference on Tuesday that the naval barricade now in force might be extended to Jordan 's Aqaba `` if it is a hole through which commerce flows '' in and out of Iraq .,56,,38
1893181928,9/3/2018 20:16:04,4027143485,9/3/2018 20:15:36,false,prodege,1,18972023,GBR,C9,Carlisle,146.198.63.229,,,"[""Bush told a news conference on Tuesday that the naval barricade now in force might be extended to Jordan 's Aqaba""]",AP900815-0044.tml,flows__156__161###barricade__54__63###extended__86__94###told__5__9,4,,,,Bush told a news conference on Tuesday that the naval barricade now in force might be extended to Jordan's Aqaba ``if it is a hole through which commerce flows'' in and out of Iraq.,Bush told a news conference on Tuesday that the naval barricade now in force might be extended to Jordan 's Aqaba `` if it is a hole through which commerce flows '' in and out of Iraq .,56,,38
1893181928,9/4/2018 08:10:54,4028504979,9/4/2018 08:10:41,false,prodege,1,15555970,GBR,C9,Workington,81.147.57.42,,,"[""Bush told a news conference""]",AP900815-0044.tml,flows__156__161###barricade__54__63###extended__86__94###told__5__9,4,,,,Bush told a news conference on Tuesday that the naval barricade now in force might be extended to Jordan's Aqaba ``if it is a hole through which commerce flows'' in and out of Iraq.,Bush told a news conference on Tuesday that the naval barricade now in force might be extended to Jordan 's Aqaba `` if it is a hole through which commerce flows '' in and out of Iraq .,56,,38
1893181928,9/4/2018 05:17:16,4028244011,9/4/2018 05:16:34,false,clixsense,1,28521374,USA,TX,Glen Rose,174.130.152.252,,,"[""conference"",""barricade"",""flows""]",AP900815-0044.tml,flows__156__161###barricade__54__63###extended__86__94###told__5__9,4,,,,Bush told a news conference on Tuesday that the naval barricade now in force might be extended to Jordan's Aqaba ``if it is a hole through which commerce flows'' in and out of Iraq.,Bush told a news conference on Tuesday that the naval barricade now in force might be extended to Jordan 's Aqaba `` if it is a hole through which commerce flows '' in and out of Iraq .,56,,38
1893181928,9/4/2018 06:19:31,4028340747,9/4/2018 06:19:22,false,neodev,1,41746613,GBR,M2,Solihull,90.254.78.191,,,"[""conference""]",AP900815-0044.tml,flows__156__161###barricade__54__63###extended__86__94###told__5__9,4,,,,Bush told a news conference on Tuesday that the naval barricade now in force might be extended to Jordan's Aqaba ``if it is a hole through which commerce flows'' in and out of Iraq.,Bush told a news conference on Tuesday that the naval barricade now in force might be extended to Jordan 's Aqaba `` if it is a hole through which commerce flows '' in and out of Iraq .,56,,38
1893181928,9/3/2018 21:03:47,4027281620,9/3/2018 21:03:08,false,neodev,1,44809353,USA,NJ,Jersey City,206.189.233.136,,,"[""extended""]",AP900815-0044.tml,flows__156__161###barricade__54__63###extended__86__94###told__5__9,4,,,,Bush told a news conference on Tuesday that the naval barricade now in force might be extended to Jordan's Aqaba ``if it is a hole through which commerce flows'' in and out of Iraq.,Bush told a news conference on Tuesday that the naval barricade now in force might be extended to Jordan 's Aqaba `` if it is a hole through which commerce flows '' in and out of Iraq .,56,,38
1893181928,9/4/2018 00:30:23,4027725265,9/4/2018 00:29:59,false,gifthunterclub,1,44453708,CAN,BC,Coquitlam,71.19.251.144,,,"[""might"",""be"",""extended"",""to"",""Jordan"",""'s"",""Aqaba""]",AP900815-0044.tml,flows__156__161###barricade__54__63###extended__86__94###told__5__9,4,,,,Bush told a news conference on Tuesday that the naval barricade now in force might be extended to Jordan's Aqaba ``if it is a hole through which commerce flows'' in and out of Iraq.,Bush told a news conference on Tuesday that the naval barricade now in force might be extended to Jordan 's Aqaba `` if it is a hole through which commerce flows '' in and out of Iraq .,56,,38
1893181928,9/3/2018 23:07:03,4027557735,9/3/2018 23:04:35,false,instagc,1,29289135,CAN,QC,Saint-hubert,174.91.248.234,,,"[""naval barricade""]",AP900815-0044.tml,flows__156__161###barricade__54__63###extended__86__94###told__5__9,4,,,,Bush told a news conference on Tuesday that the naval barricade now in force might be extended to Jordan's Aqaba ``if it is a hole through which commerce flows'' in and out of Iraq.,Bush told a news conference on Tuesday that the naval barricade now in force might be extended to Jordan 's Aqaba `` if it is a hole through which commerce flows '' in and out of Iraq .,56,,38
1893181928,9/3/2018 18:01:29,4026782058,9/3/2018 18:00:56,false,prodege,1,1924522,USA,NY,New York,108.54.54.93,,,"[""told a news conference"",""the naval barricade now in force"",""might be extended"",""it""]",AP900815-0044.tml,flows__156__161###barricade__54__63###extended__86__94###told__5__9,4,,,,Bush told a news conference on Tuesday that the naval barricade now in force might be extended to Jordan's Aqaba ``if it is a hole through which commerce flows'' in and out of Iraq.,Bush told a news conference on Tuesday that the naval barricade now in force might be extended to Jordan 's Aqaba `` if it is a hole through which commerce flows '' in and out of Iraq .,56,,38
1893181928,9/3/2018 15:36:36,4026465568,9/3/2018 15:36:31,false,prodege,1,3587109,CAN,NS,Inverness,99.192.28.178,,,"[""told a news conference""]",AP900815-0044.tml,flows__156__161###barricade__54__63###extended__86__94###told__5__9,4,,,,Bush told a news conference on Tuesday that the naval barricade now in force might be extended to Jordan's Aqaba ``if it is a hole through which commerce flows'' in and out of Iraq.,Bush told a news conference on Tuesday that the naval barricade now in force might be extended to Jordan 's Aqaba `` if it is a hole through which commerce flows '' in and out of Iraq .,56,,38
1893181928,9/3/2018 15:31:33,4026456506,9/3/2018 15:30:48,false,elite,1,39017656,CAN,BC,Kelowna,24.71.170.141,,,"[""told"",""barricade"",""extended"",""flows""]",AP900815-0044.tml,flows__156__161###barricade__54__63###extended__86__94###told__5__9,4,,,,Bush told a news conference on Tuesday that the naval barricade now in force might be extended to Jordan's Aqaba ``if it is a hole through which commerce flows'' in and out of Iraq.,Bush told a news conference on Tuesday that the naval barricade now in force might be extended to Jordan 's Aqaba `` if it is a hole through which commerce flows '' in and out of Iraq .,56,,38
1893181928,9/3/2018 19:23:22,4026994750,9/3/2018 19:23:01,false,elite,1,31883685,GBR,I2,Manchester,2.98.53.46,,,"[""told"",""conference"",""extended"",""commerce"",""flows""]",AP900815-0044.tml,flows__156__161###barricade__54__63###extended__86__94###told__5__9,4,,,,Bush told a news conference on Tuesday that the naval barricade now in force might be extended to Jordan's Aqaba ``if it is a hole through which commerce flows'' in and out of Iraq.,Bush told a news conference on Tuesday that the naval barricade now in force might be extended to Jordan 's Aqaba `` if it is a hole through which commerce flows '' in and out of Iraq .,56,,38
1893181928,9/3/2018 20:49:17,4027244905,9/3/2018 20:48:45,false,clixsense,1,6413571,USA,FL,Mount Dora,76.4.108.56,,,"[""told"",""conference"",""flows""]",AP900815-0044.tml,flows__156__161###barricade__54__63###extended__86__94###told__5__9,4,,,,Bush told a news conference on Tuesday that the naval barricade now in force might be extended to Jordan's Aqaba ``if it is a hole through which commerce flows'' in and out of Iraq.,Bush told a news conference on Tuesday that the naval barricade now in force might be extended to Jordan 's Aqaba `` if it is a hole through which commerce flows '' in and out of Iraq .,56,,38
1893181928,9/4/2018 06:20:07,4028341800,9/4/2018 06:19:11,false,instagc,1,30145358,CAN,QC,Jonquière,96.21.132.139,,,"[""told"",""extended"",""flows""]",AP900815-0044.tml,flows__156__161###barricade__54__63###extended__86__94###told__5__9,4,,,,Bush told a news conference on Tuesday that the naval barricade now in force might be extended to Jordan's Aqaba ``if it is a hole through which commerce flows'' in and out of Iraq.,Bush told a news conference on Tuesday that the naval barricade now in force might be extended to Jordan 's Aqaba `` if it is a hole through which commerce flows '' in and out of Iraq .,56,,38
1893181928,9/3/2018 22:10:15,4027439701,9/3/2018 22:09:07,false,fusioncash,1,41545007,USA,NV,Las Vegas,24.120.53.14,,,"[""told"",""might be extended"",""might"",""hole through which commerce flows""]",AP900815-0044.tml,flows__156__161###barricade__54__63###extended__86__94###told__5__9,4,,,,Bush told a news conference on Tuesday that the naval barricade now in force might be extended to Jordan's Aqaba ``if it is a hole through which commerce flows'' in and out of Iraq.,Bush told a news conference on Tuesday that the naval barricade now in force might be extended to Jordan 's Aqaba `` if it is a hole through which commerce flows '' in and out of Iraq .,56,,38
1893181928,9/4/2018 01:36:54,4027851016,9/4/2018 01:34:33,false,instagc,1,34534543,USA,NY,Staten Island,100.37.15.137,,,"[""told"",""news conference"",""extended"",""flows '' in and out""]",AP900815-0044.tml,flows__156__161###barricade__54__63###extended__86__94###told__5__9,4,,,,Bush told a news conference on Tuesday that the naval barricade now in force might be extended to Jordan's Aqaba ``if it is a hole through which commerce flows'' in and out of Iraq.,Bush told a news conference on Tuesday that the naval barricade now in force might be extended to Jordan 's Aqaba `` if it is a hole through which commerce flows '' in and out of Iraq .,56,,38
1893181928,9/4/2018 06:59:23,4028406130,9/4/2018 06:58:53,false,prodege,1,27934334,GBR,,,86.187.162.233,,,"[""told"",""news conference"",""in force""]",AP900815-0044.tml,flows__156__161###barricade__54__63###extended__86__94###told__5__9,4,,,,Bush told a news conference on Tuesday that the naval barricade now in force might be extended to Jordan's Aqaba ``if it is a hole through which commerce flows'' in and out of Iraq.,Bush told a news conference on Tuesday that the naval barricade now in force might be extended to Jordan 's Aqaba `` if it is a hole through which commerce flows '' in and out of Iraq .,56,,38
1893181928,9/4/2018 03:40:18,4028077566,9/4/2018 03:39:04,false,prodege,1,22716106,CAN,SK,Saskatoon,207.195.120.146,,,"[""told"",""news conference"",""naval barricade"",""in force"",""extended"",""through which commerce flows '' in and out of Iraq .""]",AP900815-0044.tml,flows__156__161###barricade__54__63###extended__86__94###told__5__9,4,,,,Bush told a news conference on Tuesday that the naval barricade now in force might be extended to Jordan's Aqaba ``if it is a hole through which commerce flows'' in and out of Iraq.,Bush told a news conference on Tuesday that the naval barricade now in force might be extended to Jordan 's Aqaba `` if it is a hole through which commerce flows '' in and out of Iraq .,56,,38
1893181928,9/3/2018 17:07:44,4026656911,9/3/2018 17:06:33,false,prodege,1,11131207,CAN,ON,Ajax,99.231.237.220,,,"[""told"",""news conference""]",AP900815-0044.tml,flows__156__161###barricade__54__63###extended__86__94###told__5__9,4,,,,Bush told a news conference on Tuesday that the naval barricade now in force might be extended to Jordan's Aqaba ``if it is a hole through which commerce flows'' in and out of Iraq.,Bush told a news conference on Tuesday that the naval barricade now in force might be extended to Jordan 's Aqaba `` if it is a hole through which commerce flows '' in and out of Iraq .,56,,38
1893181928,9/3/2018 16:09:33,4026524885,9/3/2018 16:09:20,false,instagc,1,39127197,GBR,N9,Swindon,151.228.218.179,,,"[""told"",""news"",""conference"",""naval"",""barricade"",""extended""]",AP900815-0044.tml,flows__156__161###barricade__54__63###extended__86__94###told__5__9,4,,,,Bush told a news conference on Tuesday that the naval barricade now in force might be extended to Jordan's Aqaba ``if it is a hole through which commerce flows'' in and out of Iraq.,Bush told a news conference on Tuesday that the naval barricade now in force might be extended to Jordan 's Aqaba `` if it is a hole through which commerce flows '' in and out of Iraq .,56,,38
1893181929,9/4/2018 08:11:37,4028506038,9/4/2018 08:10:56,false,prodege,1,15555970,GBR,C9,Workington,81.147.57.42,,,"[""Bush said"",""Iraq would withdraw its army from Kuwait""]",AP900816-0139.tml,come__106__110###said__86__90###withdraw__160__168###meeting__17__24###hope__136__140,5,,,,"After a two-hour meeting at his Kennebunkport home with King Hussein of Jordan, Bush said, ``I did not come away with any feeling of hope'' that Iraq would withdraw its army from Kuwait.","After a two-hour meeting at his Kennebunkport home with King Hussein of Jordan , Bush said , `` I did not come away with any feeling of hope '' that Iraq would withdraw its army from Kuwait . ",4,,38
1893181929,9/3/2018 21:04:19,4027283518,9/3/2018 21:03:49,false,neodev,1,44809353,USA,NJ,Jersey City,206.189.233.136,,,"[""come""]",AP900816-0139.tml,come__106__110###said__86__90###withdraw__160__168###meeting__17__24###hope__136__140,5,,,,"After a two-hour meeting at his Kennebunkport home with King Hussein of Jordan, Bush said, ``I did not come away with any feeling of hope'' that Iraq would withdraw its army from Kuwait.","After a two-hour meeting at his Kennebunkport home with King Hussein of Jordan , Bush said , `` I did not come away with any feeling of hope '' that Iraq would withdraw its army from Kuwait . ",4,,38
1893181929,9/3/2018 22:12:15,4027443820,9/3/2018 22:10:16,false,fusioncash,1,41545007,USA,NV,Las Vegas,24.120.53.14,,,"[""did"",""not"",""come"",""Iraq"",""would"",""withdraw""]",AP900816-0139.tml,come__106__110###said__86__90###withdraw__160__168###meeting__17__24###hope__136__140,5,,,,"After a two-hour meeting at his Kennebunkport home with King Hussein of Jordan, Bush said, ``I did not come away with any feeling of hope'' that Iraq would withdraw its army from Kuwait.","After a two-hour meeting at his Kennebunkport home with King Hussein of Jordan , Bush said , `` I did not come away with any feeling of hope '' that Iraq would withdraw its army from Kuwait . ",4,,38
1893181929,9/4/2018 00:30:53,4027726126,9/4/2018 00:30:28,false,gifthunterclub,1,44453708,CAN,BC,Coquitlam,71.19.251.144,,,"[""Iraq"",""would"",""withdraw"",""its"",""army"",""from"",""Kuwait""]",AP900816-0139.tml,come__106__110###said__86__90###withdraw__160__168###meeting__17__24###hope__136__140,5,,,,"After a two-hour meeting at his Kennebunkport home with King Hussein of Jordan, Bush said, ``I did not come away with any feeling of hope'' that Iraq would withdraw its army from Kuwait.","After a two-hour meeting at his Kennebunkport home with King Hussein of Jordan , Bush said , `` I did not come away with any feeling of hope '' that Iraq would withdraw its army from Kuwait . ",4,,38
1893181929,9/4/2018 04:18:09,4028148083,9/4/2018 04:17:57,false,neodev,1,11063039,GBR,I7,Newcastle Upon Tyne,92.5.194.18,,,"[""Kennebunkport"",""King"",""Hussein"",""Jordan"",""Bush"",""Iraq"",""Kuwait""]",AP900816-0139.tml,come__106__110###said__86__90###withdraw__160__168###meeting__17__24###hope__136__140,5,,,,"After a two-hour meeting at his Kennebunkport home with King Hussein of Jordan, Bush said, ``I did not come away with any feeling of hope'' that Iraq would withdraw its army from Kuwait.","After a two-hour meeting at his Kennebunkport home with King Hussein of Jordan , Bush said , `` I did not come away with any feeling of hope '' that Iraq would withdraw its army from Kuwait . ",4,,38
1893181929,9/3/2018 20:50:09,4027246518,9/3/2018 20:49:20,false,clixsense,1,6413571,USA,FL,Mount Dora,76.4.108.56,,,"[""meeting"",""come away"",""withdraw""]",AP900816-0139.tml,come__106__110###said__86__90###withdraw__160__168###meeting__17__24###hope__136__140,5,,,,"After a two-hour meeting at his Kennebunkport home with King Hussein of Jordan, Bush said, ``I did not come away with any feeling of hope'' that Iraq would withdraw its army from Kuwait.","After a two-hour meeting at his Kennebunkport home with King Hussein of Jordan , Bush said , `` I did not come away with any feeling of hope '' that Iraq would withdraw its army from Kuwait . ",4,,38
1893181929,9/4/2018 08:48:20,4028550685,9/4/2018 08:47:28,false,prodege,1,15439740,AUS,2,Sydney,61.69.207.143,,,"[""meeting"",""come"",""withdraw""]",AP900816-0139.tml,come__106__110###said__86__90###withdraw__160__168###meeting__17__24###hope__136__140,5,,,,"After a two-hour meeting at his Kennebunkport home with King Hussein of Jordan, Bush said, ``I did not come away with any feeling of hope'' that Iraq would withdraw its army from Kuwait.","After a two-hour meeting at his Kennebunkport home with King Hussein of Jordan , Bush said , `` I did not come away with any feeling of hope '' that Iraq would withdraw its army from Kuwait . ",4,,38
1893181929,9/3/2018 15:32:10,4026457439,9/3/2018 15:31:35,false,elite,1,39017656,CAN,BC,Kelowna,24.71.170.141,,,"[""meeting"",""said"",""come away"",""withdraw""]",AP900816-0139.tml,come__106__110###said__86__90###withdraw__160__168###meeting__17__24###hope__136__140,5,,,,"After a two-hour meeting at his Kennebunkport home with King Hussein of Jordan, Bush said, ``I did not come away with any feeling of hope'' that Iraq would withdraw its army from Kuwait.","After a two-hour meeting at his Kennebunkport home with King Hussein of Jordan , Bush said , `` I did not come away with any feeling of hope '' that Iraq would withdraw its army from Kuwait . ",4,,38
1893181929,9/4/2018 01:38:05,4027853131,9/4/2018 01:36:55,false,instagc,1,34534543,USA,NY,Staten Island,100.37.15.137,,,"[""meeting"",""said"",""did not come away"",""feeling"",""withdraw""]",AP900816-0139.tml,come__106__110###said__86__90###withdraw__160__168###meeting__17__24###hope__136__140,5,,,,"After a two-hour meeting at his Kennebunkport home with King Hussein of Jordan, Bush said, ``I did not come away with any feeling of hope'' that Iraq would withdraw its army from Kuwait.","After a two-hour meeting at his Kennebunkport home with King Hussein of Jordan , Bush said , `` I did not come away with any feeling of hope '' that Iraq would withdraw its army from Kuwait . ",4,,38
1893181929,9/3/2018 19:23:39,4026995579,9/3/2018 19:23:24,false,elite,1,31883685,GBR,I2,Manchester,2.98.53.46,,,"[""meeting"",""said"",""withdraw""]",AP900816-0139.tml,come__106__110###said__86__90###withdraw__160__168###meeting__17__24###hope__136__140,5,,,,"After a two-hour meeting at his Kennebunkport home with King Hussein of Jordan, Bush said, ``I did not come away with any feeling of hope'' that Iraq would withdraw its army from Kuwait.","After a two-hour meeting at his Kennebunkport home with King Hussein of Jordan , Bush said , `` I did not come away with any feeling of hope '' that Iraq would withdraw its army from Kuwait . ",4,,38
1893181929,9/4/2018 06:59:39,4028406513,9/4/2018 06:59:25,false,prodege,1,27934334,GBR,,,86.187.162.233,,,"[""meeting"",""said""]",AP900816-0139.tml,come__106__110###said__86__90###withdraw__160__168###meeting__17__24###hope__136__140,5,,,,"After a two-hour meeting at his Kennebunkport home with King Hussein of Jordan, Bush said, ``I did not come away with any feeling of hope'' that Iraq would withdraw its army from Kuwait.","After a two-hour meeting at his Kennebunkport home with King Hussein of Jordan , Bush said , `` I did not come away with any feeling of hope '' that Iraq would withdraw its army from Kuwait . ",4,,38
1893181929,9/3/2018 15:36:42,4026465754,9/3/2018 15:36:37,false,prodege,1,3587109,CAN,NS,Inverness,99.192.28.178,,,"[""meeting""]",AP900816-0139.tml,come__106__110###said__86__90###withdraw__160__168###meeting__17__24###hope__136__140,5,,,,"After a two-hour meeting at his Kennebunkport home with King Hussein of Jordan, Bush said, ``I did not come away with any feeling of hope'' that Iraq would withdraw its army from Kuwait.","After a two-hour meeting at his Kennebunkport home with King Hussein of Jordan , Bush said , `` I did not come away with any feeling of hope '' that Iraq would withdraw its army from Kuwait . ",4,,38
1893181929,9/3/2018 23:07:19,4027558251,9/3/2018 23:07:04,false,instagc,1,29289135,CAN,QC,Saint-hubert,174.91.248.234,,,"[""meeting""]",AP900816-0139.tml,come__106__110###said__86__90###withdraw__160__168###meeting__17__24###hope__136__140,5,,,,"After a two-hour meeting at his Kennebunkport home with King Hussein of Jordan, Bush said, ``I did not come away with any feeling of hope'' that Iraq would withdraw its army from Kuwait.","After a two-hour meeting at his Kennebunkport home with King Hussein of Jordan , Bush said , `` I did not come away with any feeling of hope '' that Iraq would withdraw its army from Kuwait . ",4,,38
1893181929,9/4/2018 06:20:35,4028342470,9/4/2018 06:20:07,false,instagc,1,30145358,CAN,QC,Jonquière,96.21.132.139,,,"[""said"",""come"",""withdraw""]",AP900816-0139.tml,come__106__110###said__86__90###withdraw__160__168###meeting__17__24###hope__136__140,5,,,,"After a two-hour meeting at his Kennebunkport home with King Hussein of Jordan, Bush said, ``I did not come away with any feeling of hope'' that Iraq would withdraw its army from Kuwait.","After a two-hour meeting at his Kennebunkport home with King Hussein of Jordan , Bush said , `` I did not come away with any feeling of hope '' that Iraq would withdraw its army from Kuwait . ",4,,38
1893181929,9/3/2018 20:16:35,4027144843,9/3/2018 20:16:06,false,prodege,1,18972023,GBR,C9,Carlisle,146.198.63.229,,,"[""two-hour meeting at his Kennebunkport home with King Hussein of Jordan , Bush said , `` I did not come away with any feeling of hope""]",AP900816-0139.tml,come__106__110###said__86__90###withdraw__160__168###meeting__17__24###hope__136__140,5,,,,"After a two-hour meeting at his Kennebunkport home with King Hussein of Jordan, Bush said, ``I did not come away with any feeling of hope'' that Iraq would withdraw its army from Kuwait.","After a two-hour meeting at his Kennebunkport home with King Hussein of Jordan , Bush said , `` I did not come away with any feeling of hope '' that Iraq would withdraw its army from Kuwait . ",4,,38
1893181929,9/4/2018 03:41:47,4028080010,9/4/2018 03:40:19,false,prodege,1,22716106,CAN,SK,Saskatoon,207.195.120.146,,,"[""two-hour meeting"",""did not come away"",""withdraw""]",AP900816-0139.tml,come__106__110###said__86__90###withdraw__160__168###meeting__17__24###hope__136__140,5,,,,"After a two-hour meeting at his Kennebunkport home with King Hussein of Jordan, Bush said, ``I did not come away with any feeling of hope'' that Iraq would withdraw its army from Kuwait.","After a two-hour meeting at his Kennebunkport home with King Hussein of Jordan , Bush said , `` I did not come away with any feeling of hope '' that Iraq would withdraw its army from Kuwait . ",4,,38
1893181929,9/3/2018 17:08:26,4026658710,9/3/2018 17:07:45,false,prodege,1,11131207,CAN,ON,Ajax,99.231.237.220,,,"[""two-hour meeting"",""said"",""withdraw its army""]",AP900816-0139.tml,come__106__110###said__86__90###withdraw__160__168###meeting__17__24###hope__136__140,5,,,,"After a two-hour meeting at his Kennebunkport home with King Hussein of Jordan, Bush said, ``I did not come away with any feeling of hope'' that Iraq would withdraw its army from Kuwait.","After a two-hour meeting at his Kennebunkport home with King Hussein of Jordan , Bush said , `` I did not come away with any feeling of hope '' that Iraq would withdraw its army from Kuwait . ",4,,38
1893181929,9/4/2018 06:19:50,4028341307,9/4/2018 06:19:32,false,neodev,1,41746613,GBR,M2,Solihull,90.254.78.191,,,"[""two-hour meeting"",""withdraw""]",AP900816-0139.tml,come__106__110###said__86__90###withdraw__160__168###meeting__17__24###hope__136__140,5,,,,"After a two-hour meeting at his Kennebunkport home with King Hussein of Jordan, Bush said, ``I did not come away with any feeling of hope'' that Iraq would withdraw its army from Kuwait.","After a two-hour meeting at his Kennebunkport home with King Hussein of Jordan , Bush said , `` I did not come away with any feeling of hope '' that Iraq would withdraw its army from Kuwait . ",4,,38
1893181929,9/3/2018 18:01:59,4026783170,9/3/2018 18:01:30,false,prodege,1,1924522,USA,NY,New York,108.54.54.93,,,"[""two-hour meeting""]",AP900816-0139.tml,come__106__110###said__86__90###withdraw__160__168###meeting__17__24###hope__136__140,5,,,,"After a two-hour meeting at his Kennebunkport home with King Hussein of Jordan, Bush said, ``I did not come away with any feeling of hope'' that Iraq would withdraw its army from Kuwait.","After a two-hour meeting at his Kennebunkport home with King Hussein of Jordan , Bush said , `` I did not come away with any feeling of hope '' that Iraq would withdraw its army from Kuwait . ",4,,38
1893181929,9/3/2018 16:09:49,4026525476,9/3/2018 16:09:34,false,instagc,1,39127197,GBR,N9,Swindon,151.228.218.179,,,"[""two-hour"",""two-hour"",""meeting"",""with"",""said"",""withdraw""]",AP900816-0139.tml,come__106__110###said__86__90###withdraw__160__168###meeting__17__24###hope__136__140,5,,,,"After a two-hour meeting at his Kennebunkport home with King Hussein of Jordan, Bush said, ``I did not come away with any feeling of hope'' that Iraq would withdraw its army from Kuwait.","After a two-hour meeting at his Kennebunkport home with King Hussein of Jordan , Bush said , `` I did not come away with any feeling of hope '' that Iraq would withdraw its army from Kuwait . ",4,,38
1893181930,9/4/2018 10:01:00,4028637329,9/4/2018 10:00:34,false,prodege,1,40421145,GBR,F8,Saint Albans,82.24.186.246,,,"[""analyzed the statement"",""attempts to distort the truth""]",AP900816-0139.tml,statement__95__104###truth__216__221###attempts__192__200###analyzed__82__90###Replied__0__7###distort__204__211###appears__122__129,7,,,,"Replied State Department deputy spokesman Richard Boucher, ``We have n't really analyzed the statement in detail but it appears to be just another example of his outlandish rhetoric and his attempts to distort the truth.","Replied State Department deputy spokesman Richard Boucher , `` We have n't really analyzed the statement in detail but it appears to be just another example of his outlandish rhetoric and his attempts to distort the truth . ",25,,38
1893181930,9/4/2018 01:38:33,4027854399,9/4/2018 01:38:05,false,instagc,1,34534543,USA,NY,Staten Island,100.37.15.137,,,"[""analyzed"",""appears"",""rhetoric"",""attempts"",""distort""]",AP900816-0139.tml,statement__95__104###truth__216__221###attempts__192__200###analyzed__82__90###Replied__0__7###distort__204__211###appears__122__129,7,,,,"Replied State Department deputy spokesman Richard Boucher, ``We have n't really analyzed the statement in detail but it appears to be just another example of his outlandish rhetoric and his attempts to distort the truth.","Replied State Department deputy spokesman Richard Boucher , `` We have n't really analyzed the statement in detail but it appears to be just another example of his outlandish rhetoric and his attempts to distort the truth . ",25,,38
1893181930,9/3/2018 19:23:53,4026996139,9/3/2018 19:23:41,false,elite,1,31883685,GBR,I2,Manchester,2.98.53.46,,,"[""analyzed"",""rhetoric""]",AP900816-0139.tml,statement__95__104###truth__216__221###attempts__192__200###analyzed__82__90###Replied__0__7###distort__204__211###appears__122__129,7,,,,"Replied State Department deputy spokesman Richard Boucher, ``We have n't really analyzed the statement in detail but it appears to be just another example of his outlandish rhetoric and his attempts to distort the truth.","Replied State Department deputy spokesman Richard Boucher , `` We have n't really analyzed the statement in detail but it appears to be just another example of his outlandish rhetoric and his attempts to distort the truth . ",25,,38
1893181930,9/3/2018 17:10:15,4026662708,9/3/2018 17:08:27,false,prodege,1,11131207,CAN,ON,Ajax,99.231.237.220,,,"[""analyzed""]",AP900816-0139.tml,statement__95__104###truth__216__221###attempts__192__200###analyzed__82__90###Replied__0__7###distort__204__211###appears__122__129,7,,,,"Replied State Department deputy spokesman Richard Boucher, ``We have n't really analyzed the statement in detail but it appears to be just another example of his outlandish rhetoric and his attempts to distort the truth.","Replied State Department deputy spokesman Richard Boucher , `` We have n't really analyzed the statement in detail but it appears to be just another example of his outlandish rhetoric and his attempts to distort the truth . ",25,,38
1893181930,9/3/2018 21:04:52,4027285369,9/3/2018 21:04:20,false,neodev,1,44809353,USA,NJ,Jersey City,206.189.233.136,,,"[""analyzed""]",AP900816-0139.tml,statement__95__104###truth__216__221###attempts__192__200###analyzed__82__90###Replied__0__7###distort__204__211###appears__122__129,7,,,,"Replied State Department deputy spokesman Richard Boucher, ``We have n't really analyzed the statement in detail but it appears to be just another example of his outlandish rhetoric and his attempts to distort the truth.","Replied State Department deputy spokesman Richard Boucher , `` We have n't really analyzed the statement in detail but it appears to be just another example of his outlandish rhetoric and his attempts to distort the truth . ",25,,38
1893181930,9/4/2018 00:31:29,4027727222,9/4/2018 00:30:58,false,gifthunterclub,1,44453708,CAN,BC,Coquitlam,71.19.251.144,,,"[""his"",""outlandish"",""rhetoric"",""attempts"",""to"",""distort"",""the"",""truth""]",AP900816-0139.tml,statement__95__104###truth__216__221###attempts__192__200###analyzed__82__90###Replied__0__7###distort__204__211###appears__122__129,7,,,,"Replied State Department deputy spokesman Richard Boucher, ``We have n't really analyzed the statement in detail but it appears to be just another example of his outlandish rhetoric and his attempts to distort the truth.","Replied State Department deputy spokesman Richard Boucher , `` We have n't really analyzed the statement in detail but it appears to be just another example of his outlandish rhetoric and his attempts to distort the truth . ",25,,38
1893181930,9/3/2018 20:16:55,4027145732,9/3/2018 20:16:36,false,prodege,1,18972023,GBR,C9,Carlisle,146.198.63.229,,,"[""Replied State Department deputy spokesman Richard Boucher""]",AP900816-0139.tml,statement__95__104###truth__216__221###attempts__192__200###analyzed__82__90###Replied__0__7###distort__204__211###appears__122__129,7,,,,"Replied State Department deputy spokesman Richard Boucher, ``We have n't really analyzed the statement in detail but it appears to be just another example of his outlandish rhetoric and his attempts to distort the truth.","Replied State Department deputy spokesman Richard Boucher , `` We have n't really analyzed the statement in detail but it appears to be just another example of his outlandish rhetoric and his attempts to distort the truth . ",25,,38
1893181930,9/4/2018 08:11:50,4028506321,9/4/2018 08:11:39,false,prodege,1,15555970,GBR,C9,Workington,81.147.57.42,,,"[""Replied State Department deputy spokesman Richard Boucher""]",AP900816-0139.tml,statement__95__104###truth__216__221###attempts__192__200###analyzed__82__90###Replied__0__7###distort__204__211###appears__122__129,7,,,,"Replied State Department deputy spokesman Richard Boucher, ``We have n't really analyzed the statement in detail but it appears to be just another example of his outlandish rhetoric and his attempts to distort the truth.","Replied State Department deputy spokesman Richard Boucher , `` We have n't really analyzed the statement in detail but it appears to be just another example of his outlandish rhetoric and his attempts to distort the truth . ",25,,38
1893181930,9/3/2018 20:50:47,4027247856,9/3/2018 20:50:10,false,clixsense,1,6413571,USA,FL,Mount Dora,76.4.108.56,,,"[""Replied"",""analyzed"",""appears"",""attempts""]",AP900816-0139.tml,statement__95__104###truth__216__221###attempts__192__200###analyzed__82__90###Replied__0__7###distort__204__211###appears__122__129,7,,,,"Replied State Department deputy spokesman Richard Boucher, ``We have n't really analyzed the statement in detail but it appears to be just another example of his outlandish rhetoric and his attempts to distort the truth.","Replied State Department deputy spokesman Richard Boucher , `` We have n't really analyzed the statement in detail but it appears to be just another example of his outlandish rhetoric and his attempts to distort the truth . ",25,,38
1893181930,9/4/2018 08:48:50,4028551053,9/4/2018 08:48:22,false,prodege,1,15439740,AUS,2,Sydney,61.69.207.143,,,"[""Replied"",""analyzed"",""appears"",""attempts""]",AP900816-0139.tml,statement__95__104###truth__216__221###attempts__192__200###analyzed__82__90###Replied__0__7###distort__204__211###appears__122__129,7,,,,"Replied State Department deputy spokesman Richard Boucher, ``We have n't really analyzed the statement in detail but it appears to be just another example of his outlandish rhetoric and his attempts to distort the truth.","Replied State Department deputy spokesman Richard Boucher , `` We have n't really analyzed the statement in detail but it appears to be just another example of his outlandish rhetoric and his attempts to distort the truth . ",25,,38
1893181930,9/4/2018 06:20:58,4028343005,9/4/2018 06:20:36,false,instagc,1,30145358,CAN,QC,Jonquière,96.21.132.139,,,"[""Replied"",""analyzed"",""appears"",""distort""]",AP900816-0139.tml,statement__95__104###truth__216__221###attempts__192__200###analyzed__82__90###Replied__0__7###distort__204__211###appears__122__129,7,,,,"Replied State Department deputy spokesman Richard Boucher, ``We have n't really analyzed the statement in detail but it appears to be just another example of his outlandish rhetoric and his attempts to distort the truth.","Replied State Department deputy spokesman Richard Boucher , `` We have n't really analyzed the statement in detail but it appears to be just another example of his outlandish rhetoric and his attempts to distort the truth . ",25,,38
1893181930,9/3/2018 15:33:10,4026459127,9/3/2018 15:32:12,false,elite,1,39017656,CAN,BC,Kelowna,24.71.170.141,,,"[""Replied"",""analyzed"",""appears"",""rhetoric"",""attempts""]",AP900816-0139.tml,statement__95__104###truth__216__221###attempts__192__200###analyzed__82__90###Replied__0__7###distort__204__211###appears__122__129,7,,,,"Replied State Department deputy spokesman Richard Boucher, ``We have n't really analyzed the statement in detail but it appears to be just another example of his outlandish rhetoric and his attempts to distort the truth.","Replied State Department deputy spokesman Richard Boucher , `` We have n't really analyzed the statement in detail but it appears to be just another example of his outlandish rhetoric and his attempts to distort the truth . ",25,,38
1893181930,9/4/2018 03:43:15,4028082477,9/4/2018 03:41:49,false,prodege,1,22716106,CAN,SK,Saskatoon,207.195.120.146,,,"[""Replied"",""analyzed""]",AP900816-0139.tml,statement__95__104###truth__216__221###attempts__192__200###analyzed__82__90###Replied__0__7###distort__204__211###appears__122__129,7,,,,"Replied State Department deputy spokesman Richard Boucher, ``We have n't really analyzed the statement in detail but it appears to be just another example of his outlandish rhetoric and his attempts to distort the truth.","Replied State Department deputy spokesman Richard Boucher , `` We have n't really analyzed the statement in detail but it appears to be just another example of his outlandish rhetoric and his attempts to distort the truth . ",25,,38
1893181930,9/3/2018 18:02:21,4026784066,9/3/2018 18:01:59,false,prodege,1,1924522,USA,NY,New York,108.54.54.93,,,"[""Replied"",""attempts to distort the truth""]",AP900816-0139.tml,statement__95__104###truth__216__221###attempts__192__200###analyzed__82__90###Replied__0__7###distort__204__211###appears__122__129,7,,,,"Replied State Department deputy spokesman Richard Boucher, ``We have n't really analyzed the statement in detail but it appears to be just another example of his outlandish rhetoric and his attempts to distort the truth.","Replied State Department deputy spokesman Richard Boucher , `` We have n't really analyzed the statement in detail but it appears to be just another example of his outlandish rhetoric and his attempts to distort the truth . ",25,,38
1893181930,9/4/2018 06:20:15,4028342012,9/4/2018 06:19:51,false,neodev,1,41746613,GBR,M2,Solihull,90.254.78.191,,,"[""Replied"",""attempts""]",AP900816-0139.tml,statement__95__104###truth__216__221###attempts__192__200###analyzed__82__90###Replied__0__7###distort__204__211###appears__122__129,7,,,,"Replied State Department deputy spokesman Richard Boucher, ``We have n't really analyzed the statement in detail but it appears to be just another example of his outlandish rhetoric and his attempts to distort the truth.","Replied State Department deputy spokesman Richard Boucher , `` We have n't really analyzed the statement in detail but it appears to be just another example of his outlandish rhetoric and his attempts to distort the truth . ",25,,38
1893181930,9/3/2018 22:13:20,4027446001,9/3/2018 22:12:16,false,fusioncash,1,41545007,USA,NV,Las Vegas,24.120.53.14,,,"[""Replied"",""have n't"",""analyzed"",""appears"",""attempts"",""to"",""distort""]",AP900816-0139.tml,statement__95__104###truth__216__221###attempts__192__200###analyzed__82__90###Replied__0__7###distort__204__211###appears__122__129,7,,,,"Replied State Department deputy spokesman Richard Boucher, ``We have n't really analyzed the statement in detail but it appears to be just another example of his outlandish rhetoric and his attempts to distort the truth.","Replied State Department deputy spokesman Richard Boucher , `` We have n't really analyzed the statement in detail but it appears to be just another example of his outlandish rhetoric and his attempts to distort the truth . ",25,,38
1893181930,9/3/2018 16:10:01,4026525735,9/3/2018 16:09:51,false,instagc,1,39127197,GBR,N9,Swindon,151.228.218.179,,,"[""Replied""]",AP900816-0139.tml,statement__95__104###truth__216__221###attempts__192__200###analyzed__82__90###Replied__0__7###distort__204__211###appears__122__129,7,,,,"Replied State Department deputy spokesman Richard Boucher, ``We have n't really analyzed the statement in detail but it appears to be just another example of his outlandish rhetoric and his attempts to distort the truth.","Replied State Department deputy spokesman Richard Boucher , `` We have n't really analyzed the statement in detail but it appears to be just another example of his outlandish rhetoric and his attempts to distort the truth . ",25,,38
1893181930,9/4/2018 06:59:59,4028407132,9/4/2018 06:59:40,false,prodege,1,27934334,GBR,,,86.187.162.233,,,"[""Replied""]",AP900816-0139.tml,statement__95__104###truth__216__221###attempts__192__200###analyzed__82__90###Replied__0__7###distort__204__211###appears__122__129,7,,,,"Replied State Department deputy spokesman Richard Boucher, ``We have n't really analyzed the statement in detail but it appears to be just another example of his outlandish rhetoric and his attempts to distort the truth.","Replied State Department deputy spokesman Richard Boucher , `` We have n't really analyzed the statement in detail but it appears to be just another example of his outlandish rhetoric and his attempts to distort the truth . ",25,,38
1893181930,9/4/2018 04:18:21,4028148454,9/4/2018 04:18:10,false,neodev,1,11063039,GBR,I7,Newcastle Upon Tyne,92.5.194.18,,,"[""Richard"",""Boucher"",""outlandish""]",AP900816-0139.tml,statement__95__104###truth__216__221###attempts__192__200###analyzed__82__90###Replied__0__7###distort__204__211###appears__122__129,7,,,,"Replied State Department deputy spokesman Richard Boucher, ``We have n't really analyzed the statement in detail but it appears to be just another example of his outlandish rhetoric and his attempts to distort the truth.","Replied State Department deputy spokesman Richard Boucher , `` We have n't really analyzed the statement in detail but it appears to be just another example of his outlandish rhetoric and his attempts to distort the truth . ",25,,38
1893181930,9/3/2018 23:08:25,4027560281,9/3/2018 23:07:20,false,instagc,1,29289135,CAN,QC,Saint-hubert,174.91.248.234,,"It is negation. No actions have happened, only not happened.",[NONE],AP900816-0139.tml,statement__95__104###truth__216__221###attempts__192__200###analyzed__82__90###Replied__0__7###distort__204__211###appears__122__129,7,,,,"Replied State Department deputy spokesman Richard Boucher, ``We have n't really analyzed the statement in detail but it appears to be just another example of his outlandish rhetoric and his attempts to distort the truth.","Replied State Department deputy spokesman Richard Boucher , `` We have n't really analyzed the statement in detail but it appears to be just another example of his outlandish rhetoric and his attempts to distort the truth . ",25,,38
1893181931,9/3/2018 23:09:18,4027562145,9/3/2018 23:08:26,false,instagc,1,29289135,CAN,QC,Saint-hubert,174.91.248.234,,,"[""assassination attempt"",""large-scale '' arrests""]",AP900816-0139.tml,said__54__58###attempt__115__122###led__131__134###target__88__94###assassination__101__114###arrests__156__163,6,,,,"Meanwhile, Egypt's official Middle East News Agency said Thursday that Saddam was the target of an assassination attempt, which led to ``large-scale'' arrests, including some close associates of the Iraqi strongman.","Meanwhile , Egypt 's official Middle East News Agency said Thursday that Saddam was the target of an assassination attempt , which led to `` large-scale '' arrests , including some close associates of the Iraqi strongman . ",64,,38
1893181931,9/4/2018 03:44:04,4028083819,9/4/2018 03:43:16,false,prodege,1,22716106,CAN,SK,Saskatoon,207.195.120.146,,,"[""assassination attempt"",""large-scale '' arrests""]",AP900816-0139.tml,said__54__58###attempt__115__122###led__131__134###target__88__94###assassination__101__114###arrests__156__163,6,,,,"Meanwhile, Egypt's official Middle East News Agency said Thursday that Saddam was the target of an assassination attempt, which led to ``large-scale'' arrests, including some close associates of the Iraqi strongman.","Meanwhile , Egypt 's official Middle East News Agency said Thursday that Saddam was the target of an assassination attempt , which led to `` large-scale '' arrests , including some close associates of the Iraqi strongman . ",64,,38
1893181931,9/4/2018 06:20:33,4028342420,9/4/2018 06:20:16,false,neodev,1,41746613,GBR,M2,Solihull,90.254.78.191,,,"[""assassination attempt"",""led"",""arrests""]",AP900816-0139.tml,said__54__58###attempt__115__122###led__131__134###target__88__94###assassination__101__114###arrests__156__163,6,,,,"Meanwhile, Egypt's official Middle East News Agency said Thursday that Saddam was the target of an assassination attempt, which led to ``large-scale'' arrests, including some close associates of the Iraqi strongman.","Meanwhile , Egypt 's official Middle East News Agency said Thursday that Saddam was the target of an assassination attempt , which led to `` large-scale '' arrests , including some close associates of the Iraqi strongman . ",64,,38
1893181931,9/4/2018 10:01:13,4028637460,9/4/2018 10:01:03,false,prodege,1,40421145,GBR,F8,Saint Albans,82.24.186.246,,,"[""assassination attempt""]",AP900816-0139.tml,said__54__58###attempt__115__122###led__131__134###target__88__94###assassination__101__114###arrests__156__163,6,,,,"Meanwhile, Egypt's official Middle East News Agency said Thursday that Saddam was the target of an assassination attempt, which led to ``large-scale'' arrests, including some close associates of the Iraqi strongman.","Meanwhile , Egypt 's official Middle East News Agency said Thursday that Saddam was the target of an assassination attempt , which led to `` large-scale '' arrests , including some close associates of the Iraqi strongman . ",64,,38
1893181931,9/3/2018 21:05:30,4027287444,9/3/2018 21:04:54,false,neodev,1,44809353,USA,NJ,Jersey City,206.189.233.136,,,"[""assassination""]",AP900816-0139.tml,said__54__58###attempt__115__122###led__131__134###target__88__94###assassination__101__114###arrests__156__163,6,,,,"Meanwhile, Egypt's official Middle East News Agency said Thursday that Saddam was the target of an assassination attempt, which led to ``large-scale'' arrests, including some close associates of the Iraqi strongman.","Meanwhile , Egypt 's official Middle East News Agency said Thursday that Saddam was the target of an assassination attempt , which led to `` large-scale '' arrests , including some close associates of the Iraqi strongman . ",64,,38
1893181931,9/4/2018 04:18:35,4028148980,9/4/2018 04:18:23,false,neodev,1,11063039,GBR,I7,Newcastle Upon Tyne,92.5.194.18,,,"[""Meanwhile"",""Egypt"",""Middle"",""East"",""News"",""Agency"",""Saddam"",""large-scale"",""Iraqi""]",AP900816-0139.tml,said__54__58###attempt__115__122###led__131__134###target__88__94###assassination__101__114###arrests__156__163,6,,,,"Meanwhile, Egypt's official Middle East News Agency said Thursday that Saddam was the target of an assassination attempt, which led to ``large-scale'' arrests, including some close associates of the Iraqi strongman.","Meanwhile , Egypt 's official Middle East News Agency said Thursday that Saddam was the target of an assassination attempt , which led to `` large-scale '' arrests , including some close associates of the Iraqi strongman . ",64,,38
1893181931,9/3/2018 18:02:53,4026785384,9/3/2018 18:02:22,false,prodege,1,1924522,USA,NY,New York,108.54.54.93,,,"[""Middle East News Agency said"",""was the target of an assassination attempt"",""large-scale '' arrests""]",AP900816-0139.tml,said__54__58###attempt__115__122###led__131__134###target__88__94###assassination__101__114###arrests__156__163,6,,,,"Meanwhile, Egypt's official Middle East News Agency said Thursday that Saddam was the target of an assassination attempt, which led to ``large-scale'' arrests, including some close associates of the Iraqi strongman.","Meanwhile , Egypt 's official Middle East News Agency said Thursday that Saddam was the target of an assassination attempt , which led to `` large-scale '' arrests , including some close associates of the Iraqi strongman . ",64,,38
1893181931,9/3/2018 20:17:34,4027147363,9/3/2018 20:16:57,false,prodege,1,18972023,GBR,C9,Carlisle,146.198.63.229,,,"[""Saddam was the target of an assassination attempt , which led to `` large-scale '' arrests""]",AP900816-0139.tml,said__54__58###attempt__115__122###led__131__134###target__88__94###assassination__101__114###arrests__156__163,6,,,,"Meanwhile, Egypt's official Middle East News Agency said Thursday that Saddam was the target of an assassination attempt, which led to ``large-scale'' arrests, including some close associates of the Iraqi strongman.","Meanwhile , Egypt 's official Middle East News Agency said Thursday that Saddam was the target of an assassination attempt , which led to `` large-scale '' arrests , including some close associates of the Iraqi strongman . ",64,,38
1893181931,9/4/2018 08:12:17,4028507033,9/4/2018 08:11:51,false,prodege,1,15555970,GBR,C9,Workington,81.147.57.42,,,"[""said Thursday"",""Saddam was the target of an assassination""]",AP900816-0139.tml,said__54__58###attempt__115__122###led__131__134###target__88__94###assassination__101__114###arrests__156__163,6,,,,"Meanwhile, Egypt's official Middle East News Agency said Thursday that Saddam was the target of an assassination attempt, which led to ``large-scale'' arrests, including some close associates of the Iraqi strongman.","Meanwhile , Egypt 's official Middle East News Agency said Thursday that Saddam was the target of an assassination attempt , which led to `` large-scale '' arrests , including some close associates of the Iraqi strongman . ",64,,38
1893181931,9/3/2018 17:11:26,4026665369,9/3/2018 17:10:16,false,prodege,1,11131207,CAN,ON,Ajax,99.231.237.220,,,"[""said"",""arrests""]",AP900816-0139.tml,said__54__58###attempt__115__122###led__131__134###target__88__94###assassination__101__114###arrests__156__163,6,,,,"Meanwhile, Egypt's official Middle East News Agency said Thursday that Saddam was the target of an assassination attempt, which led to ``large-scale'' arrests, including some close associates of the Iraqi strongman.","Meanwhile , Egypt 's official Middle East News Agency said Thursday that Saddam was the target of an assassination attempt , which led to `` large-scale '' arrests , including some close associates of the Iraqi strongman . ",64,,38
1893181931,9/4/2018 07:00:22,4028407785,9/4/2018 07:00:00,false,prodege,1,27934334,GBR,,,86.187.162.233,,,"[""said"",""assassination attempt"",""arrests""]",AP900816-0139.tml,said__54__58###attempt__115__122###led__131__134###target__88__94###assassination__101__114###arrests__156__163,6,,,,"Meanwhile, Egypt's official Middle East News Agency said Thursday that Saddam was the target of an assassination attempt, which led to ``large-scale'' arrests, including some close associates of the Iraqi strongman.","Meanwhile , Egypt 's official Middle East News Agency said Thursday that Saddam was the target of an assassination attempt , which led to `` large-scale '' arrests , including some close associates of the Iraqi strongman . ",64,,38
1893181931,9/3/2018 19:24:09,4026996867,9/3/2018 19:23:55,false,elite,1,31883685,GBR,I2,Manchester,2.98.53.46,,,"[""said"",""assassination"",""arrests""]",AP900816-0139.tml,said__54__58###attempt__115__122###led__131__134###target__88__94###assassination__101__114###arrests__156__163,6,,,,"Meanwhile, Egypt's official Middle East News Agency said Thursday that Saddam was the target of an assassination attempt, which led to ``large-scale'' arrests, including some close associates of the Iraqi strongman.","Meanwhile , Egypt 's official Middle East News Agency said Thursday that Saddam was the target of an assassination attempt , which led to `` large-scale '' arrests , including some close associates of the Iraqi strongman . ",64,,38
1893181931,9/4/2018 08:49:20,4028551714,9/4/2018 08:48:52,false,prodege,1,15439740,AUS,2,Sydney,61.69.207.143,,,"[""said"",""assassination"",""arrests""]",AP900816-0139.tml,said__54__58###attempt__115__122###led__131__134###target__88__94###assassination__101__114###arrests__156__163,6,,,,"Meanwhile, Egypt's official Middle East News Agency said Thursday that Saddam was the target of an assassination attempt, which led to ``large-scale'' arrests, including some close associates of the Iraqi strongman.","Meanwhile , Egypt 's official Middle East News Agency said Thursday that Saddam was the target of an assassination attempt , which led to `` large-scale '' arrests , including some close associates of the Iraqi strongman . ",64,,38
1893181931,9/4/2018 06:21:17,4028343371,9/4/2018 06:20:59,false,instagc,1,30145358,CAN,QC,Jonquière,96.21.132.139,,,"[""said"",""led""]",AP900816-0139.tml,said__54__58###attempt__115__122###led__131__134###target__88__94###assassination__101__114###arrests__156__163,6,,,,"Meanwhile, Egypt's official Middle East News Agency said Thursday that Saddam was the target of an assassination attempt, which led to ``large-scale'' arrests, including some close associates of the Iraqi strongman.","Meanwhile , Egypt 's official Middle East News Agency said Thursday that Saddam was the target of an assassination attempt , which led to `` large-scale '' arrests , including some close associates of the Iraqi strongman . ",64,,38
1893181931,9/3/2018 22:14:18,4027448336,9/3/2018 22:13:21,false,fusioncash,1,41545007,USA,NV,Las Vegas,24.120.53.14,,,"[""said"",""Saddam"",""was"",""led"",""large-scale"",""arrests""]",AP900816-0139.tml,said__54__58###attempt__115__122###led__131__134###target__88__94###assassination__101__114###arrests__156__163,6,,,,"Meanwhile, Egypt's official Middle East News Agency said Thursday that Saddam was the target of an assassination attempt, which led to ``large-scale'' arrests, including some close associates of the Iraqi strongman.","Meanwhile , Egypt 's official Middle East News Agency said Thursday that Saddam was the target of an assassination attempt , which led to `` large-scale '' arrests , including some close associates of the Iraqi strongman . ",64,,38
1893181931,9/3/2018 15:33:48,4026460106,9/3/2018 15:33:11,false,elite,1,39017656,CAN,BC,Kelowna,24.71.170.141,,,"[""said"",""target"",""assassination attempt"",""led"",""arrests""]",AP900816-0139.tml,said__54__58###attempt__115__122###led__131__134###target__88__94###assassination__101__114###arrests__156__163,6,,,,"Meanwhile, Egypt's official Middle East News Agency said Thursday that Saddam was the target of an assassination attempt, which led to ``large-scale'' arrests, including some close associates of the Iraqi strongman.","Meanwhile , Egypt 's official Middle East News Agency said Thursday that Saddam was the target of an assassination attempt , which led to `` large-scale '' arrests , including some close associates of the Iraqi strongman . ",64,,38
1893181931,9/4/2018 01:39:24,4027856068,9/4/2018 01:38:34,false,instagc,1,34534543,USA,NY,Staten Island,100.37.15.137,,,"[""said"",""target"",""assassination"",""arrests""]",AP900816-0139.tml,said__54__58###attempt__115__122###led__131__134###target__88__94###assassination__101__114###arrests__156__163,6,,,,"Meanwhile, Egypt's official Middle East News Agency said Thursday that Saddam was the target of an assassination attempt, which led to ``large-scale'' arrests, including some close associates of the Iraqi strongman.","Meanwhile , Egypt 's official Middle East News Agency said Thursday that Saddam was the target of an assassination attempt , which led to `` large-scale '' arrests , including some close associates of the Iraqi strongman . ",64,,38
1893181931,9/3/2018 16:10:19,4026526299,9/3/2018 16:10:02,false,instagc,1,39127197,GBR,N9,Swindon,151.228.218.179,,,"[""said"",""target"",""assassination"",""attempt"",""large-scale"",""arrests""]",AP900816-0139.tml,said__54__58###attempt__115__122###led__131__134###target__88__94###assassination__101__114###arrests__156__163,6,,,,"Meanwhile, Egypt's official Middle East News Agency said Thursday that Saddam was the target of an assassination attempt, which led to ``large-scale'' arrests, including some close associates of the Iraqi strongman.","Meanwhile , Egypt 's official Middle East News Agency said Thursday that Saddam was the target of an assassination attempt , which led to `` large-scale '' arrests , including some close associates of the Iraqi strongman . ",64,,38
1893181931,9/3/2018 20:51:26,4027249136,9/3/2018 20:50:52,false,clixsense,1,6413571,USA,FL,Mount Dora,76.4.108.56,,,"[""said"",""target"",""led"",""arrests""]",AP900816-0139.tml,said__54__58###attempt__115__122###led__131__134###target__88__94###assassination__101__114###arrests__156__163,6,,,,"Meanwhile, Egypt's official Middle East News Agency said Thursday that Saddam was the target of an assassination attempt, which led to ``large-scale'' arrests, including some close associates of the Iraqi strongman.","Meanwhile , Egypt 's official Middle East News Agency said Thursday that Saddam was the target of an assassination attempt , which led to `` large-scale '' arrests , including some close associates of the Iraqi strongman . ",64,,38
1893181931,9/4/2018 00:31:59,4027728013,9/4/2018 00:31:33,false,gifthunterclub,1,44453708,CAN,BC,Coquitlam,71.19.251.144,,,"[""the"",""target"",""of"",""an assassination"",""attempt""]",AP900816-0139.tml,said__54__58###attempt__115__122###led__131__134###target__88__94###assassination__101__114###arrests__156__163,6,,,,"Meanwhile, Egypt's official Middle East News Agency said Thursday that Saddam was the target of an assassination attempt, which led to ``large-scale'' arrests, including some close associates of the Iraqi strongman.","Meanwhile , Egypt 's official Middle East News Agency said Thursday that Saddam was the target of an assassination attempt , which led to `` large-scale '' arrests , including some close associates of the Iraqi strongman . ",64,,38
1893181932,9/4/2018 04:18:47,4028149253,9/4/2018 04:18:37,false,neodev,1,11063039,GBR,I7,Newcastle Upon Tyne,92.5.194.18,,,"[""Cambodian"",""British"",""killed"",""Khmer"",""Rouge""]",APW19980219.0476.tml,presumed__153__161###kidnapped__139__148###recover__86__93###killed__162__168###said__50__54###sent__71__75,6,,,,The top commander of a Cambodian resistance force said Thursday he has sent a team to recover the remains of a British mine removal expert kidnapped and presumed killed by Khmer Rouge guerrillas almost two years ago.,The top commander of a Cambodian resistance force said Thursday he has sent a team to recover the remains of a British mine removal expert kidnapped and presumed killed by Khmer Rouge guerrillas almost two years ago .,6,,38
1893181932,9/4/2018 03:46:03,4028087612,9/4/2018 03:44:05,false,prodege,1,22716106,CAN,SK,Saskatoon,207.195.120.146,,,"[""has sent a team"",""recover"",""kidnapped"",""killed""]",APW19980219.0476.tml,presumed__153__161###kidnapped__139__148###recover__86__93###killed__162__168###said__50__54###sent__71__75,6,,,,The top commander of a Cambodian resistance force said Thursday he has sent a team to recover the remains of a British mine removal expert kidnapped and presumed killed by Khmer Rouge guerrillas almost two years ago.,The top commander of a Cambodian resistance force said Thursday he has sent a team to recover the remains of a British mine removal expert kidnapped and presumed killed by Khmer Rouge guerrillas almost two years ago .,6,,38
1893181932,9/4/2018 10:01:35,4028637808,9/4/2018 10:01:14,false,prodege,1,40421145,GBR,F8,Saint Albans,82.24.186.246,,,"[""recover the remains"",""kidnapped and presumed killed""]",APW19980219.0476.tml,presumed__153__161###kidnapped__139__148###recover__86__93###killed__162__168###said__50__54###sent__71__75,6,,,,The top commander of a Cambodian resistance force said Thursday he has sent a team to recover the remains of a British mine removal expert kidnapped and presumed killed by Khmer Rouge guerrillas almost two years ago.,The top commander of a Cambodian resistance force said Thursday he has sent a team to recover the remains of a British mine removal expert kidnapped and presumed killed by Khmer Rouge guerrillas almost two years ago .,6,,38
1893181932,9/4/2018 08:49:36,4028552128,9/4/2018 08:49:22,false,prodege,1,15439740,AUS,2,Sydney,61.69.207.143,,,"[""recover"",""kidnapped"",""killed""]",APW19980219.0476.tml,presumed__153__161###kidnapped__139__148###recover__86__93###killed__162__168###said__50__54###sent__71__75,6,,,,The top commander of a Cambodian resistance force said Thursday he has sent a team to recover the remains of a British mine removal expert kidnapped and presumed killed by Khmer Rouge guerrillas almost two years ago.,The top commander of a Cambodian resistance force said Thursday he has sent a team to recover the remains of a British mine removal expert kidnapped and presumed killed by Khmer Rouge guerrillas almost two years ago .,6,,38
1893181932,9/3/2018 15:34:29,4026461585,9/3/2018 15:33:49,false,elite,1,39017656,CAN,BC,Kelowna,24.71.170.141,,,"[""resistance"",""sent"",""recover"",""kidnapped"",""killed""]",APW19980219.0476.tml,presumed__153__161###kidnapped__139__148###recover__86__93###killed__162__168###said__50__54###sent__71__75,6,,,,The top commander of a Cambodian resistance force said Thursday he has sent a team to recover the remains of a British mine removal expert kidnapped and presumed killed by Khmer Rouge guerrillas almost two years ago.,The top commander of a Cambodian resistance force said Thursday he has sent a team to recover the remains of a British mine removal expert kidnapped and presumed killed by Khmer Rouge guerrillas almost two years ago .,6,,38
1893181932,9/3/2018 21:06:01,4027288706,9/3/2018 21:05:32,false,neodev,1,44809353,USA,NJ,Jersey City,206.189.233.136,,,"[""resistance""]",APW19980219.0476.tml,presumed__153__161###kidnapped__139__148###recover__86__93###killed__162__168###said__50__54###sent__71__75,6,,,,The top commander of a Cambodian resistance force said Thursday he has sent a team to recover the remains of a British mine removal expert kidnapped and presumed killed by Khmer Rouge guerrillas almost two years ago.,The top commander of a Cambodian resistance force said Thursday he has sent a team to recover the remains of a British mine removal expert kidnapped and presumed killed by Khmer Rouge guerrillas almost two years ago .,6,,38
1893181932,9/4/2018 07:00:49,4028408430,9/4/2018 07:00:24,false,prodege,1,27934334,GBR,,,86.187.162.233,,,"[""said"",""has sent"",""recover"",""kidnapped""]",APW19980219.0476.tml,presumed__153__161###kidnapped__139__148###recover__86__93###killed__162__168###said__50__54###sent__71__75,6,,,,The top commander of a Cambodian resistance force said Thursday he has sent a team to recover the remains of a British mine removal expert kidnapped and presumed killed by Khmer Rouge guerrillas almost two years ago.,The top commander of a Cambodian resistance force said Thursday he has sent a team to recover the remains of a British mine removal expert kidnapped and presumed killed by Khmer Rouge guerrillas almost two years ago .,6,,38
1893181932,9/3/2018 22:16:05,4027453020,9/3/2018 22:14:19,false,fusioncash,1,41545007,USA,NV,Las Vegas,24.120.53.14,,,"[""said"",""he"",""has"",""sent""]",APW19980219.0476.tml,presumed__153__161###kidnapped__139__148###recover__86__93###killed__162__168###said__50__54###sent__71__75,6,,,,The top commander of a Cambodian resistance force said Thursday he has sent a team to recover the remains of a British mine removal expert kidnapped and presumed killed by Khmer Rouge guerrillas almost two years ago.,The top commander of a Cambodian resistance force said Thursday he has sent a team to recover the remains of a British mine removal expert kidnapped and presumed killed by Khmer Rouge guerrillas almost two years ago .,6,,38
1893181932,9/3/2018 17:13:39,4026670370,9/3/2018 17:11:27,false,prodege,1,11131207,CAN,ON,Ajax,99.231.237.220,,,"[""said"",""killed""]",APW19980219.0476.tml,presumed__153__161###kidnapped__139__148###recover__86__93###killed__162__168###said__50__54###sent__71__75,6,,,,The top commander of a Cambodian resistance force said Thursday he has sent a team to recover the remains of a British mine removal expert kidnapped and presumed killed by Khmer Rouge guerrillas almost two years ago.,The top commander of a Cambodian resistance force said Thursday he has sent a team to recover the remains of a British mine removal expert kidnapped and presumed killed by Khmer Rouge guerrillas almost two years ago .,6,,38
1893181932,9/3/2018 16:10:29,4026526611,9/3/2018 16:10:20,false,instagc,1,39127197,GBR,N9,Swindon,151.228.218.179,,,"[""said"",""recover"",""kidnapped"",""presumed"",""killed""]",APW19980219.0476.tml,presumed__153__161###kidnapped__139__148###recover__86__93###killed__162__168###said__50__54###sent__71__75,6,,,,The top commander of a Cambodian resistance force said Thursday he has sent a team to recover the remains of a British mine removal expert kidnapped and presumed killed by Khmer Rouge guerrillas almost two years ago.,The top commander of a Cambodian resistance force said Thursday he has sent a team to recover the remains of a British mine removal expert kidnapped and presumed killed by Khmer Rouge guerrillas almost two years ago .,6,,38
1893181932,9/3/2018 20:52:01,4027250550,9/3/2018 20:51:28,false,clixsense,1,6413571,USA,FL,Mount Dora,76.4.108.56,,,"[""said"",""sent"",""recover"",""kidnapped"",""killed"",""two years ago .""]",APW19980219.0476.tml,presumed__153__161###kidnapped__139__148###recover__86__93###killed__162__168###said__50__54###sent__71__75,6,,,,The top commander of a Cambodian resistance force said Thursday he has sent a team to recover the remains of a British mine removal expert kidnapped and presumed killed by Khmer Rouge guerrillas almost two years ago.,The top commander of a Cambodian resistance force said Thursday he has sent a team to recover the remains of a British mine removal expert kidnapped and presumed killed by Khmer Rouge guerrillas almost two years ago .,6,,38
1893181932,9/3/2018 19:24:25,4026997529,9/3/2018 19:24:11,false,elite,1,31883685,GBR,I2,Manchester,2.98.53.46,,,"[""said"",""sent"",""recover"",""kidnapped"",""killed""]",APW19980219.0476.tml,presumed__153__161###kidnapped__139__148###recover__86__93###killed__162__168###said__50__54###sent__71__75,6,,,,The top commander of a Cambodian resistance force said Thursday he has sent a team to recover the remains of a British mine removal expert kidnapped and presumed killed by Khmer Rouge guerrillas almost two years ago.,The top commander of a Cambodian resistance force said Thursday he has sent a team to recover the remains of a British mine removal expert kidnapped and presumed killed by Khmer Rouge guerrillas almost two years ago .,6,,38
1893181932,9/4/2018 06:21:31,4028343841,9/4/2018 06:21:18,false,instagc,1,30145358,CAN,QC,Jonquière,96.21.132.139,,,"[""said"",""sent"",""recover"",""kidnapped"",""killed""]",APW19980219.0476.tml,presumed__153__161###kidnapped__139__148###recover__86__93###killed__162__168###said__50__54###sent__71__75,6,,,,The top commander of a Cambodian resistance force said Thursday he has sent a team to recover the remains of a British mine removal expert kidnapped and presumed killed by Khmer Rouge guerrillas almost two years ago.,The top commander of a Cambodian resistance force said Thursday he has sent a team to recover the remains of a British mine removal expert kidnapped and presumed killed by Khmer Rouge guerrillas almost two years ago .,6,,38
1893181932,9/4/2018 01:39:52,4027856882,9/4/2018 01:39:25,false,instagc,1,34534543,USA,NY,Staten Island,100.37.15.137,,,"[""said"",""sent"",""recover"",""mine removal"",""kidnapped"",""killed""]",APW19980219.0476.tml,presumed__153__161###kidnapped__139__148###recover__86__93###killed__162__168###said__50__54###sent__71__75,6,,,,The top commander of a Cambodian resistance force said Thursday he has sent a team to recover the remains of a British mine removal expert kidnapped and presumed killed by Khmer Rouge guerrillas almost two years ago.,The top commander of a Cambodian resistance force said Thursday he has sent a team to recover the remains of a British mine removal expert kidnapped and presumed killed by Khmer Rouge guerrillas almost two years ago .,6,,38
1893181932,9/3/2018 23:09:40,4027562804,9/3/2018 23:09:19,false,instagc,1,29289135,CAN,QC,Saint-hubert,174.91.248.234,,,"[""sent a team to recover the remains"",""kidnapped""]",APW19980219.0476.tml,presumed__153__161###kidnapped__139__148###recover__86__93###killed__162__168###said__50__54###sent__71__75,6,,,,The top commander of a Cambodian resistance force said Thursday he has sent a team to recover the remains of a British mine removal expert kidnapped and presumed killed by Khmer Rouge guerrillas almost two years ago.,The top commander of a Cambodian resistance force said Thursday he has sent a team to recover the remains of a British mine removal expert kidnapped and presumed killed by Khmer Rouge guerrillas almost two years ago .,6,,38
1893181932,9/3/2018 18:03:19,4026786369,9/3/2018 18:02:54,false,prodege,1,1924522,USA,NY,New York,108.54.54.93,,,"[""sent a team"",""recover the remains"",""kidnapped"",""presumed killed""]",APW19980219.0476.tml,presumed__153__161###kidnapped__139__148###recover__86__93###killed__162__168###said__50__54###sent__71__75,6,,,,The top commander of a Cambodian resistance force said Thursday he has sent a team to recover the remains of a British mine removal expert kidnapped and presumed killed by Khmer Rouge guerrillas almost two years ago.,The top commander of a Cambodian resistance force said Thursday he has sent a team to recover the remains of a British mine removal expert kidnapped and presumed killed by Khmer Rouge guerrillas almost two years ago .,6,,38
1893181932,9/4/2018 00:32:39,4027729098,9/4/2018 00:32:03,false,gifthunterclub,1,44453708,CAN,BC,Coquitlam,71.19.251.144,,,"[""sent"",""a"",""team"",""to"",""recover"",""the"",""remains"",""of"",""a"",""British"",""mine"",""removal"",""kidnapped"",""killed""]",APW19980219.0476.tml,presumed__153__161###kidnapped__139__148###recover__86__93###killed__162__168###said__50__54###sent__71__75,6,,,,The top commander of a Cambodian resistance force said Thursday he has sent a team to recover the remains of a British mine removal expert kidnapped and presumed killed by Khmer Rouge guerrillas almost two years ago.,The top commander of a Cambodian resistance force said Thursday he has sent a team to recover the remains of a British mine removal expert kidnapped and presumed killed by Khmer Rouge guerrillas almost two years ago .,6,,38
1893181932,9/4/2018 06:20:47,4028342735,9/4/2018 06:20:34,false,neodev,1,41746613,GBR,M2,Solihull,90.254.78.191,,,"[""sent"",""recover"",""kidnapped"",""killed""]",APW19980219.0476.tml,presumed__153__161###kidnapped__139__148###recover__86__93###killed__162__168###said__50__54###sent__71__75,6,,,,The top commander of a Cambodian resistance force said Thursday he has sent a team to recover the remains of a British mine removal expert kidnapped and presumed killed by Khmer Rouge guerrillas almost two years ago.,The top commander of a Cambodian resistance force said Thursday he has sent a team to recover the remains of a British mine removal expert kidnapped and presumed killed by Khmer Rouge guerrillas almost two years ago .,6,,38
1893181932,9/4/2018 08:12:40,4028507557,9/4/2018 08:12:18,false,prodege,1,15555970,GBR,C9,Workington,81.147.57.42,,,"[""The top commander of a Cambodian resistance force said"",""he has sent a team"",""kidnapped""]",APW19980219.0476.tml,presumed__153__161###kidnapped__139__148###recover__86__93###killed__162__168###said__50__54###sent__71__75,6,,,,The top commander of a Cambodian resistance force said Thursday he has sent a team to recover the remains of a British mine removal expert kidnapped and presumed killed by Khmer Rouge guerrillas almost two years ago.,The top commander of a Cambodian resistance force said Thursday he has sent a team to recover the remains of a British mine removal expert kidnapped and presumed killed by Khmer Rouge guerrillas almost two years ago .,6,,38
1893181932,9/3/2018 20:17:54,4027148191,9/3/2018 20:17:36,false,prodege,1,18972023,GBR,C9,Carlisle,146.198.63.229,,,"[""top commander of a Cambodian resistance force said Thursday he has sent a team to recover the remains of a British mine removal expert kidnapped and presumed killed by Khmer Rouge guerrillas almost two years ago .""]",APW19980219.0476.tml,presumed__153__161###kidnapped__139__148###recover__86__93###killed__162__168###said__50__54###sent__71__75,6,,,,The top commander of a Cambodian resistance force said Thursday he has sent a team to recover the remains of a British mine removal expert kidnapped and presumed killed by Khmer Rouge guerrillas almost two years ago.,The top commander of a Cambodian resistance force said Thursday he has sent a team to recover the remains of a British mine removal expert kidnapped and presumed killed by Khmer Rouge guerrillas almost two years ago .,6,,38
1893181933,9/3/2018 23:10:22,4027563937,9/3/2018 23:09:41,false,instagc,1,29289135,CAN,QC,Saint-hubert,174.91.248.234,,,"[""created jobs"",""government reported"",""financial tumult in Asia""]",NYT19980206.0460.tml,tumult__207__213###reported__83__91###disruptions__164__175###withstood__150__159###created__12__19###caused__176__182,6,,,,"The economy created jobs at a surprisingly robust pace in January, the government reported on Friday, evidence that America's economic stamina has withstood any disruptions caused so far by the financial tumult in Asia.","The economy created jobs at a surprisingly robust pace in January , the government reported on Friday , evidence that America 's economic stamina has withstood any disruptions caused so far by the financial tumult in Asia . ",8,,38
1893181933,9/4/2018 03:47:30,4028090035,9/4/2018 03:46:05,false,prodege,1,22716106,CAN,SK,Saskatoon,207.195.120.146,,,"[""created jobs"",""surprisingly robust pace"",""reported"",""America 's economic stamina"",""disruptions"",""financial tumult""]",NYT19980206.0460.tml,tumult__207__213###reported__83__91###disruptions__164__175###withstood__150__159###created__12__19###caused__176__182,6,,,,"The economy created jobs at a surprisingly robust pace in January, the government reported on Friday, evidence that America's economic stamina has withstood any disruptions caused so far by the financial tumult in Asia.","The economy created jobs at a surprisingly robust pace in January , the government reported on Friday , evidence that America 's economic stamina has withstood any disruptions caused so far by the financial tumult in Asia . ",8,,38
1893181933,9/3/2018 18:03:51,4026787739,9/3/2018 18:03:20,false,prodege,1,1924522,USA,NY,New York,108.54.54.93,,,"[""created jobs"",""the government reported"",""withstood any disruptions"",""financial tumult in Asia""]",NYT19980206.0460.tml,tumult__207__213###reported__83__91###disruptions__164__175###withstood__150__159###created__12__19###caused__176__182,6,,,,"The economy created jobs at a surprisingly robust pace in January, the government reported on Friday, evidence that America's economic stamina has withstood any disruptions caused so far by the financial tumult in Asia.","The economy created jobs at a surprisingly robust pace in January , the government reported on Friday , evidence that America 's economic stamina has withstood any disruptions caused so far by the financial tumult in Asia . ",8,,38
1893181933,9/4/2018 10:02:22,4028638728,9/4/2018 10:01:36,false,prodege,1,40421145,GBR,F8,Saint Albans,82.24.186.246,,,"[""created jobs""]",NYT19980206.0460.tml,tumult__207__213###reported__83__91###disruptions__164__175###withstood__150__159###created__12__19###caused__176__182,6,,,,"The economy created jobs at a surprisingly robust pace in January, the government reported on Friday, evidence that America's economic stamina has withstood any disruptions caused so far by the financial tumult in Asia.","The economy created jobs at a surprisingly robust pace in January , the government reported on Friday , evidence that America 's economic stamina has withstood any disruptions caused so far by the financial tumult in Asia . ",8,,38
1893181933,9/4/2018 00:33:14,4027730153,9/4/2018 00:32:43,false,gifthunterclub,1,44453708,CAN,BC,Coquitlam,71.19.251.144,,,"[""created"",""jobs"",""has"",""withstood"",""any"",""disruptions"",""financial"",""tumult""]",NYT19980206.0460.tml,tumult__207__213###reported__83__91###disruptions__164__175###withstood__150__159###created__12__19###caused__176__182,6,,,,"The economy created jobs at a surprisingly robust pace in January, the government reported on Friday, evidence that America's economic stamina has withstood any disruptions caused so far by the financial tumult in Asia.","The economy created jobs at a surprisingly robust pace in January , the government reported on Friday , evidence that America 's economic stamina has withstood any disruptions caused so far by the financial tumult in Asia . ",8,,38
1893181933,9/3/2018 15:35:20,4026463298,9/3/2018 15:34:31,false,elite,1,39017656,CAN,BC,Kelowna,24.71.170.141,,,"[""created"",""pace"",""reported"",""disruptions"",""tumult""]",NYT19980206.0460.tml,tumult__207__213###reported__83__91###disruptions__164__175###withstood__150__159###created__12__19###caused__176__182,6,,,,"The economy created jobs at a surprisingly robust pace in January, the government reported on Friday, evidence that America's economic stamina has withstood any disruptions caused so far by the financial tumult in Asia.","The economy created jobs at a surprisingly robust pace in January , the government reported on Friday , evidence that America 's economic stamina has withstood any disruptions caused so far by the financial tumult in Asia . ",8,,38
1893181933,9/3/2018 20:52:33,4027252057,9/3/2018 20:52:05,false,clixsense,1,6413571,USA,FL,Mount Dora,76.4.108.56,,,"[""created"",""pace"",""withstood""]",NYT19980206.0460.tml,tumult__207__213###reported__83__91###disruptions__164__175###withstood__150__159###created__12__19###caused__176__182,6,,,,"The economy created jobs at a surprisingly robust pace in January, the government reported on Friday, evidence that America's economic stamina has withstood any disruptions caused so far by the financial tumult in Asia.","The economy created jobs at a surprisingly robust pace in January , the government reported on Friday , evidence that America 's economic stamina has withstood any disruptions caused so far by the financial tumult in Asia . ",8,,38
1893181933,9/3/2018 19:24:39,4026998031,9/3/2018 19:24:26,false,elite,1,31883685,GBR,I2,Manchester,2.98.53.46,,,"[""created"",""reported"",""disruptions"",""tumult""]",NYT19980206.0460.tml,tumult__207__213###reported__83__91###disruptions__164__175###withstood__150__159###created__12__19###caused__176__182,6,,,,"The economy created jobs at a surprisingly robust pace in January, the government reported on Friday, evidence that America's economic stamina has withstood any disruptions caused so far by the financial tumult in Asia.","The economy created jobs at a surprisingly robust pace in January , the government reported on Friday , evidence that America 's economic stamina has withstood any disruptions caused so far by the financial tumult in Asia . ",8,,38
1893181933,9/3/2018 16:10:39,4026526972,9/3/2018 16:10:31,false,instagc,1,39127197,GBR,N9,Swindon,151.228.218.179,,,"[""created"",""reported"",""evidence"",""disruptions""]",NYT19980206.0460.tml,tumult__207__213###reported__83__91###disruptions__164__175###withstood__150__159###created__12__19###caused__176__182,6,,,,"The economy created jobs at a surprisingly robust pace in January, the government reported on Friday, evidence that America's economic stamina has withstood any disruptions caused so far by the financial tumult in Asia.","The economy created jobs at a surprisingly robust pace in January , the government reported on Friday , evidence that America 's economic stamina has withstood any disruptions caused so far by the financial tumult in Asia . ",8,,38
1893181933,9/4/2018 06:21:46,4028344353,9/4/2018 06:21:32,false,instagc,1,30145358,CAN,QC,Jonquière,96.21.132.139,,,"[""created"",""reported"",""withstood"",""caused""]",NYT19980206.0460.tml,tumult__207__213###reported__83__91###disruptions__164__175###withstood__150__159###created__12__19###caused__176__182,6,,,,"The economy created jobs at a surprisingly robust pace in January, the government reported on Friday, evidence that America's economic stamina has withstood any disruptions caused so far by the financial tumult in Asia.","The economy created jobs at a surprisingly robust pace in January , the government reported on Friday , evidence that America 's economic stamina has withstood any disruptions caused so far by the financial tumult in Asia . ",8,,38
1893181933,9/4/2018 01:40:27,4027857775,9/4/2018 01:39:53,false,instagc,1,34534543,USA,NY,Staten Island,100.37.15.137,,,"[""created"",""reported"",""withstood"",""disruptions"",""financial tumult""]",NYT19980206.0460.tml,tumult__207__213###reported__83__91###disruptions__164__175###withstood__150__159###created__12__19###caused__176__182,6,,,,"The economy created jobs at a surprisingly robust pace in January, the government reported on Friday, evidence that America's economic stamina has withstood any disruptions caused so far by the financial tumult in Asia.","The economy created jobs at a surprisingly robust pace in January , the government reported on Friday , evidence that America 's economic stamina has withstood any disruptions caused so far by the financial tumult in Asia . ",8,,38
1893181933,9/4/2018 06:21:02,4028343094,9/4/2018 06:20:49,false,neodev,1,41746613,GBR,M2,Solihull,90.254.78.191,,,"[""created"",""withstood"",""disruptions""]",NYT19980206.0460.tml,tumult__207__213###reported__83__91###disruptions__164__175###withstood__150__159###created__12__19###caused__176__182,6,,,,"The economy created jobs at a surprisingly robust pace in January, the government reported on Friday, evidence that America's economic stamina has withstood any disruptions caused so far by the financial tumult in Asia.","The economy created jobs at a surprisingly robust pace in January , the government reported on Friday , evidence that America 's economic stamina has withstood any disruptions caused so far by the financial tumult in Asia . ",8,,38
1893181933,9/4/2018 08:50:01,4028552653,9/4/2018 08:49:38,false,prodege,1,15439740,AUS,2,Sydney,61.69.207.143,,,"[""created"",""withstood"",""disruptions""]",NYT19980206.0460.tml,tumult__207__213###reported__83__91###disruptions__164__175###withstood__150__159###created__12__19###caused__176__182,6,,,,"The economy created jobs at a surprisingly robust pace in January, the government reported on Friday, evidence that America's economic stamina has withstood any disruptions caused so far by the financial tumult in Asia.","The economy created jobs at a surprisingly robust pace in January , the government reported on Friday , evidence that America 's economic stamina has withstood any disruptions caused so far by the financial tumult in Asia . ",8,,38
1893181933,9/3/2018 17:15:16,4026674663,9/3/2018 17:13:40,false,prodege,1,11131207,CAN,ON,Ajax,99.231.237.220,,,"[""created""]",NYT19980206.0460.tml,tumult__207__213###reported__83__91###disruptions__164__175###withstood__150__159###created__12__19###caused__176__182,6,,,,"The economy created jobs at a surprisingly robust pace in January, the government reported on Friday, evidence that America's economic stamina has withstood any disruptions caused so far by the financial tumult in Asia.","The economy created jobs at a surprisingly robust pace in January , the government reported on Friday , evidence that America 's economic stamina has withstood any disruptions caused so far by the financial tumult in Asia . ",8,,38
1893181933,9/3/2018 21:06:32,4027289908,9/3/2018 21:06:02,false,neodev,1,44809353,USA,NJ,Jersey City,206.189.233.136,,,"[""created""]",NYT19980206.0460.tml,tumult__207__213###reported__83__91###disruptions__164__175###withstood__150__159###created__12__19###caused__176__182,6,,,,"The economy created jobs at a surprisingly robust pace in January, the government reported on Friday, evidence that America's economic stamina has withstood any disruptions caused so far by the financial tumult in Asia.","The economy created jobs at a surprisingly robust pace in January , the government reported on Friday , evidence that America 's economic stamina has withstood any disruptions caused so far by the financial tumult in Asia . ",8,,38
1893181933,9/3/2018 20:18:10,4027148983,9/3/2018 20:17:56,false,prodege,1,18972023,GBR,C9,Carlisle,146.198.63.229,,,"[""economy created jobs at a surprisingly robust pace in January""]",NYT19980206.0460.tml,tumult__207__213###reported__83__91###disruptions__164__175###withstood__150__159###created__12__19###caused__176__182,6,,,,"The economy created jobs at a surprisingly robust pace in January, the government reported on Friday, evidence that America's economic stamina has withstood any disruptions caused so far by the financial tumult in Asia.","The economy created jobs at a surprisingly robust pace in January , the government reported on Friday , evidence that America 's economic stamina has withstood any disruptions caused so far by the financial tumult in Asia . ",8,,38
1893181933,9/3/2018 22:16:31,4027454248,9/3/2018 22:16:06,false,fusioncash,1,41545007,USA,NV,Las Vegas,24.120.53.14,,,"[""economy"",""created"",""jobs"",""government"",""reported""]",NYT19980206.0460.tml,tumult__207__213###reported__83__91###disruptions__164__175###withstood__150__159###created__12__19###caused__176__182,6,,,,"The economy created jobs at a surprisingly robust pace in January, the government reported on Friday, evidence that America's economic stamina has withstood any disruptions caused so far by the financial tumult in Asia.","The economy created jobs at a surprisingly robust pace in January , the government reported on Friday , evidence that America 's economic stamina has withstood any disruptions caused so far by the financial tumult in Asia . ",8,,38
1893181933,9/4/2018 04:18:58,4028149514,9/4/2018 04:18:48,false,neodev,1,11063039,GBR,I7,Newcastle Upon Tyne,92.5.194.18,,,"[""January"",""government"",""America"",""disruptions""]",NYT19980206.0460.tml,tumult__207__213###reported__83__91###disruptions__164__175###withstood__150__159###created__12__19###caused__176__182,6,,,,"The economy created jobs at a surprisingly robust pace in January, the government reported on Friday, evidence that America's economic stamina has withstood any disruptions caused so far by the financial tumult in Asia.","The economy created jobs at a surprisingly robust pace in January , the government reported on Friday , evidence that America 's economic stamina has withstood any disruptions caused so far by the financial tumult in Asia . ",8,,38
1893181933,9/4/2018 07:01:17,4028409355,9/4/2018 07:00:51,false,prodege,1,27934334,GBR,,,86.187.162.233,,,"[""reported"",""financial tumult""]",NYT19980206.0460.tml,tumult__207__213###reported__83__91###disruptions__164__175###withstood__150__159###created__12__19###caused__176__182,6,,,,"The economy created jobs at a surprisingly robust pace in January, the government reported on Friday, evidence that America's economic stamina has withstood any disruptions caused so far by the financial tumult in Asia.","The economy created jobs at a surprisingly robust pace in January , the government reported on Friday , evidence that America 's economic stamina has withstood any disruptions caused so far by the financial tumult in Asia . ",8,,38
1893181933,9/4/2018 08:17:33,4028513977,9/4/2018 08:17:12,false,prodege,1,15555970,GBR,C9,Workington,81.147.57.42,,,"[""The economy created jobs"",""the government reported on Friday"",""America 's economic stamina has withstood any disruptions"",""caused so far by the financial tumult in Asia""]",NYT19980206.0460.tml,tumult__207__213###reported__83__91###disruptions__164__175###withstood__150__159###created__12__19###caused__176__182,6,,,,"The economy created jobs at a surprisingly robust pace in January, the government reported on Friday, evidence that America's economic stamina has withstood any disruptions caused so far by the financial tumult in Asia.","The economy created jobs at a surprisingly robust pace in January , the government reported on Friday , evidence that America 's economic stamina has withstood any disruptions caused so far by the financial tumult in Asia . ",8,,38
1893181934,9/4/2018 03:48:25,4028091850,9/4/2018 03:47:32,false,prodege,1,22716106,CAN,SK,Saskatoon,207.195.120.146,,,"[""had identified different suspects"",""had yet to find any pattern""]",NYT19980402.0453.tml,find__106__110###believed__182__190###identified__41__51###said__27__31###prostitutes__197__208###killings__135__143,6,,,,"The police and prosecutors said they had identified different suspects in six of the cases and had yet to find any pattern linking the killings or the victims, several of whom were believed to be prostitutes.","The police and prosecutors said they had identified different suspects in six of the cases and had yet to find any pattern linking the killings or the victims , several of whom were believed to be prostitutes . ",5,,38
1893181934,9/3/2018 23:10:43,4027564576,9/3/2018 23:10:23,false,instagc,1,29289135,CAN,QC,Saint-hubert,174.91.248.234,,,"[""identified different suspects"",""killings""]",NYT19980402.0453.tml,find__106__110###believed__182__190###identified__41__51###said__27__31###prostitutes__197__208###killings__135__143,6,,,,"The police and prosecutors said they had identified different suspects in six of the cases and had yet to find any pattern linking the killings or the victims, several of whom were believed to be prostitutes.","The police and prosecutors said they had identified different suspects in six of the cases and had yet to find any pattern linking the killings or the victims , several of whom were believed to be prostitutes . ",5,,38
1893181934,9/3/2018 18:04:14,4026788653,9/3/2018 18:03:52,false,prodege,1,1924522,USA,NY,New York,108.54.54.93,,,"[""identified different suspects"",""pattern linking the killings or the victims""]",NYT19980402.0453.tml,find__106__110###believed__182__190###identified__41__51###said__27__31###prostitutes__197__208###killings__135__143,6,,,,"The police and prosecutors said they had identified different suspects in six of the cases and had yet to find any pattern linking the killings or the victims, several of whom were believed to be prostitutes.","The police and prosecutors said they had identified different suspects in six of the cases and had yet to find any pattern linking the killings or the victims , several of whom were believed to be prostitutes . ",5,,38
1893181934,9/4/2018 10:02:33,4028638947,9/4/2018 10:02:23,false,prodege,1,40421145,GBR,F8,Saint Albans,82.24.186.246,,,"[""identified different suspects""]",NYT19980402.0453.tml,find__106__110###believed__182__190###identified__41__51###said__27__31###prostitutes__197__208###killings__135__143,6,,,,"The police and prosecutors said they had identified different suspects in six of the cases and had yet to find any pattern linking the killings or the victims, several of whom were believed to be prostitutes.","The police and prosecutors said they had identified different suspects in six of the cases and had yet to find any pattern linking the killings or the victims , several of whom were believed to be prostitutes . ",5,,38
1893181934,9/4/2018 08:50:13,4028552860,9/4/2018 08:50:03,false,prodege,1,15439740,AUS,2,Sydney,61.69.207.143,,,"[""identified"",""killings"",""believed""]",NYT19980402.0453.tml,find__106__110###believed__182__190###identified__41__51###said__27__31###prostitutes__197__208###killings__135__143,6,,,,"The police and prosecutors said they had identified different suspects in six of the cases and had yet to find any pattern linking the killings or the victims, several of whom were believed to be prostitutes.","The police and prosecutors said they had identified different suspects in six of the cases and had yet to find any pattern linking the killings or the victims , several of whom were believed to be prostitutes . ",5,,38
1893181934,9/4/2018 06:21:16,4028343354,9/4/2018 06:21:03,false,neodev,1,41746613,GBR,M2,Solihull,90.254.78.191,,,"[""identified"",""killings""]",NYT19980402.0453.tml,find__106__110###believed__182__190###identified__41__51###said__27__31###prostitutes__197__208###killings__135__143,6,,,,"The police and prosecutors said they had identified different suspects in six of the cases and had yet to find any pattern linking the killings or the victims, several of whom were believed to be prostitutes.","The police and prosecutors said they had identified different suspects in six of the cases and had yet to find any pattern linking the killings or the victims , several of whom were believed to be prostitutes . ",5,,38
1893181934,9/3/2018 21:07:34,4027292377,9/3/2018 21:06:33,false,neodev,1,44809353,USA,NJ,Jersey City,206.189.233.136,,,"[""identified""]",NYT19980402.0453.tml,find__106__110###believed__182__190###identified__41__51###said__27__31###prostitutes__197__208###killings__135__143,6,,,,"The police and prosecutors said they had identified different suspects in six of the cases and had yet to find any pattern linking the killings or the victims, several of whom were believed to be prostitutes.","The police and prosecutors said they had identified different suspects in six of the cases and had yet to find any pattern linking the killings or the victims , several of whom were believed to be prostitutes . ",5,,38
1893181934,9/4/2018 04:19:11,4028149787,9/4/2018 04:18:59,false,neodev,1,11063039,GBR,I7,Newcastle Upon Tyne,92.5.194.18,,,"[""killings"",""victims"",""prostitutes""]",NYT19980402.0453.tml,find__106__110###believed__182__190###identified__41__51###said__27__31###prostitutes__197__208###killings__135__143,6,,,,"The police and prosecutors said they had identified different suspects in six of the cases and had yet to find any pattern linking the killings or the victims, several of whom were believed to be prostitutes.","The police and prosecutors said they had identified different suspects in six of the cases and had yet to find any pattern linking the killings or the victims , several of whom were believed to be prostitutes . ",5,,38
1893181934,9/3/2018 20:18:34,4027150006,9/3/2018 20:18:11,false,prodege,1,18972023,GBR,C9,Carlisle,146.198.63.229,,,"[""police and prosecutors said they had identified different suspects in six of the cases""]",NYT19980402.0453.tml,find__106__110###believed__182__190###identified__41__51###said__27__31###prostitutes__197__208###killings__135__143,6,,,,"The police and prosecutors said they had identified different suspects in six of the cases and had yet to find any pattern linking the killings or the victims, several of whom were believed to be prostitutes.","The police and prosecutors said they had identified different suspects in six of the cases and had yet to find any pattern linking the killings or the victims , several of whom were believed to be prostitutes . ",5,,38
1893181934,9/4/2018 08:18:26,4028515124,9/4/2018 08:17:35,false,prodege,1,15555970,GBR,C9,Workington,81.147.57.42,,,"[""said"",""had"",""were believed""]",NYT19980402.0453.tml,find__106__110###believed__182__190###identified__41__51###said__27__31###prostitutes__197__208###killings__135__143,6,,,,"The police and prosecutors said they had identified different suspects in six of the cases and had yet to find any pattern linking the killings or the victims, several of whom were believed to be prostitutes.","The police and prosecutors said they had identified different suspects in six of the cases and had yet to find any pattern linking the killings or the victims , several of whom were believed to be prostitutes . ",5,,38
1893181934,9/3/2018 16:10:52,4026527300,9/3/2018 16:10:41,false,instagc,1,39127197,GBR,N9,Swindon,151.228.218.179,,,"[""said"",""identified"",""different"",""suspects"",""pattern"",""killings"",""victims"",""believed""]",NYT19980402.0453.tml,find__106__110###believed__182__190###identified__41__51###said__27__31###prostitutes__197__208###killings__135__143,6,,,,"The police and prosecutors said they had identified different suspects in six of the cases and had yet to find any pattern linking the killings or the victims, several of whom were believed to be prostitutes.","The police and prosecutors said they had identified different suspects in six of the cases and had yet to find any pattern linking the killings or the victims , several of whom were believed to be prostitutes . ",5,,38
1893181934,9/4/2018 06:22:00,4028344706,9/4/2018 06:21:47,false,instagc,1,30145358,CAN,QC,Jonquière,96.21.132.139,,,"[""said"",""identified"",""find"",""believed""]",NYT19980402.0453.tml,find__106__110###believed__182__190###identified__41__51###said__27__31###prostitutes__197__208###killings__135__143,6,,,,"The police and prosecutors said they had identified different suspects in six of the cases and had yet to find any pattern linking the killings or the victims, several of whom were believed to be prostitutes.","The police and prosecutors said they had identified different suspects in six of the cases and had yet to find any pattern linking the killings or the victims , several of whom were believed to be prostitutes . ",5,,38
1893181934,9/4/2018 01:41:48,4027860098,9/4/2018 01:40:27,false,instagc,1,34534543,USA,NY,Staten Island,100.37.15.137,,,"[""said"",""identified"",""find"",""linking"",""killings"",""believed""]",NYT19980402.0453.tml,find__106__110###believed__182__190###identified__41__51###said__27__31###prostitutes__197__208###killings__135__143,6,,,,"The police and prosecutors said they had identified different suspects in six of the cases and had yet to find any pattern linking the killings or the victims, several of whom were believed to be prostitutes.","The police and prosecutors said they had identified different suspects in six of the cases and had yet to find any pattern linking the killings or the victims , several of whom were believed to be prostitutes . ",5,,38
1893181934,9/3/2018 20:53:12,4027254130,9/3/2018 20:52:40,false,clixsense,1,6413571,USA,FL,Mount Dora,76.4.108.56,,,"[""said"",""identified"",""find""]",NYT19980402.0453.tml,find__106__110###believed__182__190###identified__41__51###said__27__31###prostitutes__197__208###killings__135__143,6,,,,"The police and prosecutors said they had identified different suspects in six of the cases and had yet to find any pattern linking the killings or the victims, several of whom were believed to be prostitutes.","The police and prosecutors said they had identified different suspects in six of the cases and had yet to find any pattern linking the killings or the victims , several of whom were believed to be prostitutes . ",5,,38
1893181934,9/3/2018 19:24:52,4026998635,9/3/2018 19:24:41,false,elite,1,31883685,GBR,I2,Manchester,2.98.53.46,,,"[""said"",""identified"",""killings""]",NYT19980402.0453.tml,find__106__110###believed__182__190###identified__41__51###said__27__31###prostitutes__197__208###killings__135__143,6,,,,"The police and prosecutors said they had identified different suspects in six of the cases and had yet to find any pattern linking the killings or the victims, several of whom were believed to be prostitutes.","The police and prosecutors said they had identified different suspects in six of the cases and had yet to find any pattern linking the killings or the victims , several of whom were believed to be prostitutes . ",5,,38
1893181934,9/4/2018 07:01:34,4028409905,9/4/2018 07:01:19,false,prodege,1,27934334,GBR,,,86.187.162.233,,,"[""said"",""identified"",""killings""]",NYT19980402.0453.tml,find__106__110###believed__182__190###identified__41__51###said__27__31###prostitutes__197__208###killings__135__143,6,,,,"The police and prosecutors said they had identified different suspects in six of the cases and had yet to find any pattern linking the killings or the victims, several of whom were believed to be prostitutes.","The police and prosecutors said they had identified different suspects in six of the cases and had yet to find any pattern linking the killings or the victims , several of whom were believed to be prostitutes . ",5,,38
1893181934,9/3/2018 15:36:15,4026464968,9/3/2018 15:35:21,false,elite,1,39017656,CAN,BC,Kelowna,24.71.170.141,,,"[""said"",""identified"",""linking"",""killings""]",NYT19980402.0453.tml,find__106__110###believed__182__190###identified__41__51###said__27__31###prostitutes__197__208###killings__135__143,6,,,,"The police and prosecutors said they had identified different suspects in six of the cases and had yet to find any pattern linking the killings or the victims, several of whom were believed to be prostitutes.","The police and prosecutors said they had identified different suspects in six of the cases and had yet to find any pattern linking the killings or the victims , several of whom were believed to be prostitutes . ",5,,38
1893181934,9/3/2018 17:17:33,4026681344,9/3/2018 17:15:17,false,prodege,1,11131207,CAN,ON,Ajax,99.231.237.220,,,"[""said"",""killings""]",NYT19980402.0453.tml,find__106__110###believed__182__190###identified__41__51###said__27__31###prostitutes__197__208###killings__135__143,6,,,,"The police and prosecutors said they had identified different suspects in six of the cases and had yet to find any pattern linking the killings or the victims, several of whom were believed to be prostitutes.","The police and prosecutors said they had identified different suspects in six of the cases and had yet to find any pattern linking the killings or the victims , several of whom were believed to be prostitutes . ",5,,38
1893181934,9/3/2018 22:17:27,4027456384,9/3/2018 22:16:33,false,fusioncash,1,41545007,USA,NV,Las Vegas,24.120.53.14,,,"[""said"",""they"",""had"",""identified"",""had"",""yet"",""to"",""find""]",NYT19980402.0453.tml,find__106__110###believed__182__190###identified__41__51###said__27__31###prostitutes__197__208###killings__135__143,6,,,,"The police and prosecutors said they had identified different suspects in six of the cases and had yet to find any pattern linking the killings or the victims, several of whom were believed to be prostitutes.","The police and prosecutors said they had identified different suspects in six of the cases and had yet to find any pattern linking the killings or the victims , several of whom were believed to be prostitutes . ",5,,38
1893181934,9/4/2018 00:33:45,4027731055,9/4/2018 00:33:20,false,gifthunterclub,1,44453708,CAN,BC,Coquitlam,71.19.251.144,,,"[""they"",""had"",""identified"",""different"",""suspects"",""killings"",""victims""]",NYT19980402.0453.tml,find__106__110###believed__182__190###identified__41__51###said__27__31###prostitutes__197__208###killings__135__143,6,,,,"The police and prosecutors said they had identified different suspects in six of the cases and had yet to find any pattern linking the killings or the victims, several of whom were believed to be prostitutes.","The police and prosecutors said they had identified different suspects in six of the cases and had yet to find any pattern linking the killings or the victims , several of whom were believed to be prostitutes . ",5,,38
1893181935,9/3/2018 20:19:31,4027152353,9/3/2018 20:18:36,false,prodege,1,18972023,GBR,C9,Carlisle,146.198.63.229,,,"[""By a 6-3 vote , the court upheld a discriminatory immigration law that gives a child born overseas to an unmarried American woman a better chance at citizenship than a child born to an unmarried American man""]",NYT19980424.0421.tml,upheld__26__32,1,,,,"By a 6-3 vote, the court upheld a discriminatory immigration law that gives a child born overseas to an unmarried American woman a better chance at citizenship than a child born to an unmarried American man.","By a 6-3 vote , the court upheld a discriminatory immigration law that gives a child born overseas to an unmarried American woman a better chance at citizenship than a child born to an unmarried American man . ",4,,38
1893181935,9/3/2018 23:11:06,4027565167,9/3/2018 23:10:45,false,instagc,1,29289135,CAN,QC,Saint-hubert,174.91.248.234,,,"[""court upheld a discriminatory immigration law""]",NYT19980424.0421.tml,upheld__26__32,1,,,,"By a 6-3 vote, the court upheld a discriminatory immigration law that gives a child born overseas to an unmarried American woman a better chance at citizenship than a child born to an unmarried American man.","By a 6-3 vote , the court upheld a discriminatory immigration law that gives a child born overseas to an unmarried American woman a better chance at citizenship than a child born to an unmarried American man . ",4,,38
1893181935,9/3/2018 22:18:53,4027459605,9/3/2018 22:17:28,false,fusioncash,1,41545007,USA,NV,Las Vegas,24.120.53.14,,,"[""court"",""upheld"",""discriminatory immigration"",""gives"",""better"",""chance""]",NYT19980424.0421.tml,upheld__26__32,1,,,,"By a 6-3 vote, the court upheld a discriminatory immigration law that gives a child born overseas to an unmarried American woman a better chance at citizenship than a child born to an unmarried American man.","By a 6-3 vote , the court upheld a discriminatory immigration law that gives a child born overseas to an unmarried American woman a better chance at citizenship than a child born to an unmarried American man . ",4,,38
1893181935,9/4/2018 04:19:23,4028150071,9/4/2018 04:19:12,false,neodev,1,11063039,GBR,I7,Newcastle Upon Tyne,92.5.194.18,,,"[""discriminatory"",""immigration"",""citizenship"",""American""]",NYT19980424.0421.tml,upheld__26__32,1,,,,"By a 6-3 vote, the court upheld a discriminatory immigration law that gives a child born overseas to an unmarried American woman a better chance at citizenship than a child born to an unmarried American man.","By a 6-3 vote , the court upheld a discriminatory immigration law that gives a child born overseas to an unmarried American woman a better chance at citizenship than a child born to an unmarried American man . ",4,,38
1893181935,9/4/2018 06:21:39,4028344127,9/4/2018 06:21:17,false,neodev,1,41746613,GBR,M2,Solihull,90.254.78.191,,,"[""gives"",""born""]",NYT19980424.0421.tml,upheld__26__32,1,,,,"By a 6-3 vote, the court upheld a discriminatory immigration law that gives a child born overseas to an unmarried American woman a better chance at citizenship than a child born to an unmarried American man.","By a 6-3 vote , the court upheld a discriminatory immigration law that gives a child born overseas to an unmarried American woman a better chance at citizenship than a child born to an unmarried American man . ",4,,38
1893181935,9/4/2018 00:34:13,4027731748,9/4/2018 00:33:49,false,gifthunterclub,1,44453708,CAN,BC,Coquitlam,71.19.251.144,,,"[""upheld"",""a"",""discriminatory"",""immigration"",""law"",""citizenship""]",NYT19980424.0421.tml,upheld__26__32,1,,,,"By a 6-3 vote, the court upheld a discriminatory immigration law that gives a child born overseas to an unmarried American woman a better chance at citizenship than a child born to an unmarried American man.","By a 6-3 vote , the court upheld a discriminatory immigration law that gives a child born overseas to an unmarried American woman a better chance at citizenship than a child born to an unmarried American man . ",4,,38
1893181935,9/4/2018 03:49:20,4028093492,9/4/2018 03:48:26,false,prodege,1,22716106,CAN,SK,Saskatoon,207.195.120.146,,,"[""upheld"",""discriminatory immigration law"",""born""]",NYT19980424.0421.tml,upheld__26__32,1,,,,"By a 6-3 vote, the court upheld a discriminatory immigration law that gives a child born overseas to an unmarried American woman a better chance at citizenship than a child born to an unmarried American man.","By a 6-3 vote , the court upheld a discriminatory immigration law that gives a child born overseas to an unmarried American woman a better chance at citizenship than a child born to an unmarried American man . ",4,,38
1893181935,9/3/2018 19:25:10,4026999409,9/3/2018 19:24:54,false,elite,1,31883685,GBR,I2,Manchester,2.98.53.46,,,"[""upheld"",""gives"",""born"",""born""]",NYT19980424.0421.tml,upheld__26__32,1,,,,"By a 6-3 vote, the court upheld a discriminatory immigration law that gives a child born overseas to an unmarried American woman a better chance at citizenship than a child born to an unmarried American man.","By a 6-3 vote , the court upheld a discriminatory immigration law that gives a child born overseas to an unmarried American woman a better chance at citizenship than a child born to an unmarried American man . ",4,,38
1893181935,9/4/2018 01:42:31,4027861389,9/4/2018 01:41:49,false,instagc,1,34534543,USA,NY,Staten Island,100.37.15.137,,,"[""upheld"",""gives"",""born"",""unmarried"",""born"",""unmarried""]",NYT19980424.0421.tml,upheld__26__32,1,,,,"By a 6-3 vote, the court upheld a discriminatory immigration law that gives a child born overseas to an unmarried American woman a better chance at citizenship than a child born to an unmarried American man.","By a 6-3 vote , the court upheld a discriminatory immigration law that gives a child born overseas to an unmarried American woman a better chance at citizenship than a child born to an unmarried American man . ",4,,38
1893181935,9/4/2018 08:18:37,4028515388,9/4/2018 08:18:28,false,prodege,1,15555970,GBR,C9,Workington,81.147.57.42,,,"[""upheld"",""gives"",""born""]",NYT19980424.0421.tml,upheld__26__32,1,,,,"By a 6-3 vote, the court upheld a discriminatory immigration law that gives a child born overseas to an unmarried American woman a better chance at citizenship than a child born to an unmarried American man.","By a 6-3 vote , the court upheld a discriminatory immigration law that gives a child born overseas to an unmarried American woman a better chance at citizenship than a child born to an unmarried American man . ",4,,38
1893181935,9/4/2018 06:22:17,4028345135,9/4/2018 06:22:01,false,instagc,1,30145358,CAN,QC,Jonquière,96.21.132.139,,,"[""upheld"",""gives""]",NYT19980424.0421.tml,upheld__26__32,1,,,,"By a 6-3 vote, the court upheld a discriminatory immigration law that gives a child born overseas to an unmarried American woman a better chance at citizenship than a child born to an unmarried American man.","By a 6-3 vote , the court upheld a discriminatory immigration law that gives a child born overseas to an unmarried American woman a better chance at citizenship than a child born to an unmarried American man . ",4,,38
1893181935,9/4/2018 08:50:28,4028553227,9/4/2018 08:50:16,false,prodege,1,15439740,AUS,2,Sydney,61.69.207.143,,,"[""upheld"",""immigration"",""law"",""citizenship""]",NYT19980424.0421.tml,upheld__26__32,1,,,,"By a 6-3 vote, the court upheld a discriminatory immigration law that gives a child born overseas to an unmarried American woman a better chance at citizenship than a child born to an unmarried American man.","By a 6-3 vote , the court upheld a discriminatory immigration law that gives a child born overseas to an unmarried American woman a better chance at citizenship than a child born to an unmarried American man . ",4,,38
1893181935,9/3/2018 16:10:59,4026527523,9/3/2018 16:10:53,false,instagc,1,39127197,GBR,N9,Swindon,151.228.218.179,,,"[""upheld""]",NYT19980424.0421.tml,upheld__26__32,1,,,,"By a 6-3 vote, the court upheld a discriminatory immigration law that gives a child born overseas to an unmarried American woman a better chance at citizenship than a child born to an unmarried American man.","By a 6-3 vote , the court upheld a discriminatory immigration law that gives a child born overseas to an unmarried American woman a better chance at citizenship than a child born to an unmarried American man . ",4,,38
1893181935,9/3/2018 17:18:16,4026683000,9/3/2018 17:17:40,false,prodege,1,11131207,CAN,ON,Ajax,99.231.237.220,,,"[""upheld""]",NYT19980424.0421.tml,upheld__26__32,1,,,,"By a 6-3 vote, the court upheld a discriminatory immigration law that gives a child born overseas to an unmarried American woman a better chance at citizenship than a child born to an unmarried American man.","By a 6-3 vote , the court upheld a discriminatory immigration law that gives a child born overseas to an unmarried American woman a better chance at citizenship than a child born to an unmarried American man . ",4,,38
1893181935,9/4/2018 11:23:46,4028741576,9/4/2018 11:23:33,false,prodege,1,4316379,CAN,ON,Windsor,24.57.73.123,,,"[""upheld""]",NYT19980424.0421.tml,upheld__26__32,1,,,,"By a 6-3 vote, the court upheld a discriminatory immigration law that gives a child born overseas to an unmarried American woman a better chance at citizenship than a child born to an unmarried American man.","By a 6-3 vote , the court upheld a discriminatory immigration law that gives a child born overseas to an unmarried American woman a better chance at citizenship than a child born to an unmarried American man . ",4,,38
1893181935,9/3/2018 18:04:41,4026789789,9/3/2018 18:04:15,false,prodege,1,1924522,USA,NY,New York,108.54.54.93,,,"[""vote"",""upheld a discriminatory immigration law""]",NYT19980424.0421.tml,upheld__26__32,1,,,,"By a 6-3 vote, the court upheld a discriminatory immigration law that gives a child born overseas to an unmarried American woman a better chance at citizenship than a child born to an unmarried American man.","By a 6-3 vote , the court upheld a discriminatory immigration law that gives a child born overseas to an unmarried American woman a better chance at citizenship than a child born to an unmarried American man . ",4,,38
1893181935,9/3/2018 15:36:54,4026466142,9/3/2018 15:36:17,false,elite,1,39017656,CAN,BC,Kelowna,24.71.170.141,,,"[""vote"",""upheld"",""gives"",""born""]",NYT19980424.0421.tml,upheld__26__32,1,,,,"By a 6-3 vote, the court upheld a discriminatory immigration law that gives a child born overseas to an unmarried American woman a better chance at citizenship than a child born to an unmarried American man.","By a 6-3 vote , the court upheld a discriminatory immigration law that gives a child born overseas to an unmarried American woman a better chance at citizenship than a child born to an unmarried American man . ",4,,38
1893181935,9/3/2018 20:53:54,4027256642,9/3/2018 20:53:16,false,clixsense,1,6413571,USA,FL,Mount Dora,76.4.108.56,,,"[""vote"",""upheld"",""gives""]",NYT19980424.0421.tml,upheld__26__32,1,,,,"By a 6-3 vote, the court upheld a discriminatory immigration law that gives a child born overseas to an unmarried American woman a better chance at citizenship than a child born to an unmarried American man.","By a 6-3 vote , the court upheld a discriminatory immigration law that gives a child born overseas to an unmarried American woman a better chance at citizenship than a child born to an unmarried American man . ",4,,38
1893181935,9/4/2018 07:01:47,4028410239,9/4/2018 07:01:36,false,prodege,1,27934334,GBR,,,86.187.162.233,,,"[""vote"",""upheld""]",NYT19980424.0421.tml,upheld__26__32,1,,,,"By a 6-3 vote, the court upheld a discriminatory immigration law that gives a child born overseas to an unmarried American woman a better chance at citizenship than a child born to an unmarried American man.","By a 6-3 vote , the court upheld a discriminatory immigration law that gives a child born overseas to an unmarried American woman a better chance at citizenship than a child born to an unmarried American man . ",4,,38
1893181935,9/3/2018 21:08:39,4027294621,9/3/2018 21:07:35,false,neodev,1,44809353,USA,NJ,Jersey City,206.189.233.136,,,"[""vote""]",NYT19980424.0421.tml,upheld__26__32,1,,,,"By a 6-3 vote, the court upheld a discriminatory immigration law that gives a child born overseas to an unmarried American woman a better chance at citizenship than a child born to an unmarried American man.","By a 6-3 vote , the court upheld a discriminatory immigration law that gives a child born overseas to an unmarried American woman a better chance at citizenship than a child born to an unmarried American man . ",4,,38
1893181936,9/4/2018 04:19:35,4028150386,9/4/2018 04:19:24,false,neodev,1,11063039,GBR,I7,Newcastle Upon Tyne,92.5.194.18,,,"[""GOP"",""Republican"",""Sununu""]",SJMN91-06338157.tml,lamented__98__106###said__86__90###tightening__127__137###reporting__17__26###need__161__165###help__171__175###call__32__36,7,,,,"One GOP source, reporting on a call from the chief of staff to a Republican leader, said Sununu lamented that ""the noose is tightening around my neck, and I need your help.""","One GOP source , reporting on a call from the chief of staff to a Republican leader , said Sununu lamented that "" the noose is tightening around my neck , and I need your help . "" ",7,,38
1893181936,9/3/2018 23:11:35,4027565908,9/3/2018 23:11:07,false,instagc,1,29289135,CAN,QC,Saint-hubert,174.91.248.234,,,"[""reporting on a call"",""lamented""]",SJMN91-06338157.tml,lamented__98__106###said__86__90###tightening__127__137###reporting__17__26###need__161__165###help__171__175###call__32__36,7,,,,"One GOP source, reporting on a call from the chief of staff to a Republican leader, said Sununu lamented that ""the noose is tightening around my neck, and I need your help.""","One GOP source , reporting on a call from the chief of staff to a Republican leader , said Sununu lamented that "" the noose is tightening around my neck , and I need your help . "" ",7,,38
1893181936,9/3/2018 19:25:26,4027000061,9/3/2018 19:25:11,false,elite,1,31883685,GBR,I2,Manchester,2.98.53.46,,,"[""reporting"",""call"",""lamented"",""tightening"",""help""]",SJMN91-06338157.tml,lamented__98__106###said__86__90###tightening__127__137###reporting__17__26###need__161__165###help__171__175###call__32__36,7,,,,"One GOP source, reporting on a call from the chief of staff to a Republican leader, said Sununu lamented that ""the noose is tightening around my neck, and I need your help.""","One GOP source , reporting on a call from the chief of staff to a Republican leader , said Sununu lamented that "" the noose is tightening around my neck , and I need your help . "" ",7,,38
1893181936,9/3/2018 15:37:40,4026467533,9/3/2018 15:36:55,false,elite,1,39017656,CAN,BC,Kelowna,24.71.170.141,,,"[""reporting"",""call"",""said"",""lamented"",""tightening"",""help""]",SJMN91-06338157.tml,lamented__98__106###said__86__90###tightening__127__137###reporting__17__26###need__161__165###help__171__175###call__32__36,7,,,,"One GOP source, reporting on a call from the chief of staff to a Republican leader, said Sununu lamented that ""the noose is tightening around my neck, and I need your help.""","One GOP source , reporting on a call from the chief of staff to a Republican leader , said Sununu lamented that "" the noose is tightening around my neck , and I need your help . "" ",7,,38
1893181936,9/4/2018 01:43:14,4027862650,9/4/2018 01:42:32,false,instagc,1,34534543,USA,NY,Staten Island,100.37.15.137,,,"[""reporting"",""call"",""said"",""lamented"",""tightening"",""need""]",SJMN91-06338157.tml,lamented__98__106###said__86__90###tightening__127__137###reporting__17__26###need__161__165###help__171__175###call__32__36,7,,,,"One GOP source, reporting on a call from the chief of staff to a Republican leader, said Sununu lamented that ""the noose is tightening around my neck, and I need your help.""","One GOP source , reporting on a call from the chief of staff to a Republican leader , said Sununu lamented that "" the noose is tightening around my neck , and I need your help . "" ",7,,38
1893181936,9/3/2018 20:54:53,4027260179,9/3/2018 20:53:58,false,clixsense,1,6413571,USA,FL,Mount Dora,76.4.108.56,,,"[""reporting"",""call"",""said"",""tightening"",""need""]",SJMN91-06338157.tml,lamented__98__106###said__86__90###tightening__127__137###reporting__17__26###need__161__165###help__171__175###call__32__36,7,,,,"One GOP source, reporting on a call from the chief of staff to a Republican leader, said Sununu lamented that ""the noose is tightening around my neck, and I need your help.""","One GOP source , reporting on a call from the chief of staff to a Republican leader , said Sununu lamented that "" the noose is tightening around my neck , and I need your help . "" ",7,,38
1893181936,9/3/2018 17:18:55,4026684513,9/3/2018 17:18:17,false,prodege,1,11131207,CAN,ON,Ajax,99.231.237.220,,,"[""reporting"",""call"",""said""]",SJMN91-06338157.tml,lamented__98__106###said__86__90###tightening__127__137###reporting__17__26###need__161__165###help__171__175###call__32__36,7,,,,"One GOP source, reporting on a call from the chief of staff to a Republican leader, said Sununu lamented that ""the noose is tightening around my neck, and I need your help.""","One GOP source , reporting on a call from the chief of staff to a Republican leader , said Sununu lamented that "" the noose is tightening around my neck , and I need your help . "" ",7,,38
1893181936,9/4/2018 07:02:01,4028410689,9/4/2018 07:01:49,false,prodege,1,27934334,GBR,,,86.187.162.233,,,"[""reporting"",""call"",""said""]",SJMN91-06338157.tml,lamented__98__106###said__86__90###tightening__127__137###reporting__17__26###need__161__165###help__171__175###call__32__36,7,,,,"One GOP source, reporting on a call from the chief of staff to a Republican leader, said Sununu lamented that ""the noose is tightening around my neck, and I need your help.""","One GOP source , reporting on a call from the chief of staff to a Republican leader , said Sununu lamented that "" the noose is tightening around my neck , and I need your help . "" ",7,,38
1893181936,9/4/2018 03:50:28,4028095320,9/4/2018 03:49:21,false,prodege,1,22716106,CAN,SK,Saskatoon,207.195.120.146,,,"[""reporting"",""lamented"",""the noose is tightening around my neck"",""I need your help""]",SJMN91-06338157.tml,lamented__98__106###said__86__90###tightening__127__137###reporting__17__26###need__161__165###help__171__175###call__32__36,7,,,,"One GOP source, reporting on a call from the chief of staff to a Republican leader, said Sununu lamented that ""the noose is tightening around my neck, and I need your help.""","One GOP source , reporting on a call from the chief of staff to a Republican leader , said Sununu lamented that "" the noose is tightening around my neck , and I need your help . "" ",7,,38
1893181936,9/3/2018 16:11:08,4026527859,9/3/2018 16:11:00,false,instagc,1,39127197,GBR,N9,Swindon,151.228.218.179,,,"[""reporting"",""lamented""]",SJMN91-06338157.tml,lamented__98__106###said__86__90###tightening__127__137###reporting__17__26###need__161__165###help__171__175###call__32__36,7,,,,"One GOP source, reporting on a call from the chief of staff to a Republican leader, said Sununu lamented that ""the noose is tightening around my neck, and I need your help.""","One GOP source , reporting on a call from the chief of staff to a Republican leader , said Sununu lamented that "" the noose is tightening around my neck , and I need your help . "" ",7,,38
1893181936,9/4/2018 06:27:05,4028353159,9/4/2018 06:26:46,false,neodev,1,41746613,GBR,M2,Solihull,90.254.78.191,,,"[""reporting"",""lamented""]",SJMN91-06338157.tml,lamented__98__106###said__86__90###tightening__127__137###reporting__17__26###need__161__165###help__171__175###call__32__36,7,,,,"One GOP source, reporting on a call from the chief of staff to a Republican leader, said Sununu lamented that ""the noose is tightening around my neck, and I need your help.""","One GOP source , reporting on a call from the chief of staff to a Republican leader , said Sununu lamented that "" the noose is tightening around my neck , and I need your help . "" ",7,,38
1893181936,9/4/2018 11:23:54,4028741749,9/4/2018 11:23:47,false,prodege,1,4316379,CAN,ON,Windsor,24.57.73.123,,,"[""reporting"",""on"",""a"",""call""]",SJMN91-06338157.tml,lamented__98__106###said__86__90###tightening__127__137###reporting__17__26###need__161__165###help__171__175###call__32__36,7,,,,"One GOP source, reporting on a call from the chief of staff to a Republican leader, said Sununu lamented that ""the noose is tightening around my neck, and I need your help.""","One GOP source , reporting on a call from the chief of staff to a Republican leader , said Sununu lamented that "" the noose is tightening around my neck , and I need your help . "" ",7,,38
1893181936,9/4/2018 08:18:50,4028515719,9/4/2018 08:18:39,false,prodege,1,15555970,GBR,C9,Workington,81.147.57.42,,,"[""reporting"",""said"",""lamented"",""is tightening""]",SJMN91-06338157.tml,lamented__98__106###said__86__90###tightening__127__137###reporting__17__26###need__161__165###help__171__175###call__32__36,7,,,,"One GOP source, reporting on a call from the chief of staff to a Republican leader, said Sununu lamented that ""the noose is tightening around my neck, and I need your help.""","One GOP source , reporting on a call from the chief of staff to a Republican leader , said Sununu lamented that "" the noose is tightening around my neck , and I need your help . "" ",7,,38
1893181936,9/4/2018 06:22:31,4028345525,9/4/2018 06:22:18,false,instagc,1,30145358,CAN,QC,Jonquière,96.21.132.139,,,"[""reporting"",""said"",""lamented"",""need""]",SJMN91-06338157.tml,lamented__98__106###said__86__90###tightening__127__137###reporting__17__26###need__161__165###help__171__175###call__32__36,7,,,,"One GOP source, reporting on a call from the chief of staff to a Republican leader, said Sununu lamented that ""the noose is tightening around my neck, and I need your help.""","One GOP source , reporting on a call from the chief of staff to a Republican leader , said Sununu lamented that "" the noose is tightening around my neck , and I need your help . "" ",7,,38
1893181936,9/3/2018 22:19:51,4027461544,9/3/2018 22:18:55,false,fusioncash,1,41545007,USA,NV,Las Vegas,24.120.53.14,,,"[""reporting"",""said"",""Sununu"",""need""]",SJMN91-06338157.tml,lamented__98__106###said__86__90###tightening__127__137###reporting__17__26###need__161__165###help__171__175###call__32__36,7,,,,"One GOP source, reporting on a call from the chief of staff to a Republican leader, said Sununu lamented that ""the noose is tightening around my neck, and I need your help.""","One GOP source , reporting on a call from the chief of staff to a Republican leader , said Sununu lamented that "" the noose is tightening around my neck , and I need your help . "" ",7,,38
1893181936,9/3/2018 18:04:53,4026790179,9/3/2018 18:04:42,false,prodege,1,1924522,USA,NY,New York,108.54.54.93,,,"[""reporting""]",SJMN91-06338157.tml,lamented__98__106###said__86__90###tightening__127__137###reporting__17__26###need__161__165###help__171__175###call__32__36,7,,,,"One GOP source, reporting on a call from the chief of staff to a Republican leader, said Sununu lamented that ""the noose is tightening around my neck, and I need your help.""","One GOP source , reporting on a call from the chief of staff to a Republican leader , said Sununu lamented that "" the noose is tightening around my neck , and I need your help . "" ",7,,38
1893181936,9/3/2018 21:10:47,4027299008,9/3/2018 21:08:40,false,neodev,1,44809353,USA,NJ,Jersey City,206.189.233.136,,,"[""reporting""]",SJMN91-06338157.tml,lamented__98__106###said__86__90###tightening__127__137###reporting__17__26###need__161__165###help__171__175###call__32__36,7,,,,"One GOP source, reporting on a call from the chief of staff to a Republican leader, said Sununu lamented that ""the noose is tightening around my neck, and I need your help.""","One GOP source , reporting on a call from the chief of staff to a Republican leader , said Sununu lamented that "" the noose is tightening around my neck , and I need your help . "" ",7,,38
1893181936,9/3/2018 20:20:23,4027154823,9/3/2018 20:19:32,false,prodege,1,18972023,GBR,C9,Carlisle,146.198.63.229,,,"[""said Sununu lamented that \"" the noose is tightening around my neck , and I need your help""]",SJMN91-06338157.tml,lamented__98__106###said__86__90###tightening__127__137###reporting__17__26###need__161__165###help__171__175###call__32__36,7,,,,"One GOP source, reporting on a call from the chief of staff to a Republican leader, said Sununu lamented that ""the noose is tightening around my neck, and I need your help.""","One GOP source , reporting on a call from the chief of staff to a Republican leader , said Sununu lamented that "" the noose is tightening around my neck , and I need your help . "" ",7,,38
1893181936,9/4/2018 00:34:48,4027732811,9/4/2018 00:34:19,false,gifthunterclub,1,44453708,CAN,BC,Coquitlam,71.19.251.144,,,"[""the"",""noose"",""is"",""tightening"",""around"",""my"",""neck"",""need"",""your"",""help""]",SJMN91-06338157.tml,lamented__98__106###said__86__90###tightening__127__137###reporting__17__26###need__161__165###help__171__175###call__32__36,7,,,,"One GOP source, reporting on a call from the chief of staff to a Republican leader, said Sununu lamented that ""the noose is tightening around my neck, and I need your help.""","One GOP source , reporting on a call from the chief of staff to a Republican leader , said Sununu lamented that "" the noose is tightening around my neck , and I need your help . "" ",7,,38
1893181936,9/4/2018 08:50:43,4028553450,9/4/2018 08:50:30,false,prodege,1,15439740,AUS,2,Sydney,61.69.207.143,,,"[""tightening""]",SJMN91-06338157.tml,lamented__98__106###said__86__90###tightening__127__137###reporting__17__26###need__161__165###help__171__175###call__32__36,7,,,,"One GOP source, reporting on a call from the chief of staff to a Republican leader, said Sununu lamented that ""the noose is tightening around my neck, and I need your help.""","One GOP source , reporting on a call from the chief of staff to a Republican leader , said Sununu lamented that "" the noose is tightening around my neck , and I need your help . "" ",7,,38
1893181937,9/3/2018 20:20:49,4027156024,9/3/2018 20:20:25,false,prodege,1,18972023,GBR,C9,Carlisle,146.198.63.229,,,"[""assumed the role of embattled Arab hero""]",WSJ900813-0157.tml,confrontation__211__224###end__41__44###proposal__174__182###assumed__106__113###ending__41__47###crisis__65__71###role__118__122###offering__149__157,8,,,,"Iraq's Saddam Hussein, his options for ending the Persian Gulf crisis growing increasingly unpleasant, assumed the role of embattled Arab hero in offering his first rough proposal for a negotiated end to the confrontation.","Iraq 's Saddam Hussein , his options for ending the Persian Gulf crisis growing increasingly unpleasant , assumed the role of embattled Arab hero in offering his first rough proposal for a negotiated end to the confrontation . ",3,,38
1893181937,9/3/2018 16:11:18,4026528132,9/3/2018 16:11:10,false,instagc,1,39127197,GBR,N9,Swindon,151.228.218.179,,,"[""assumed"",""negotiated"",""confrontation""]",WSJ900813-0157.tml,confrontation__211__224###end__41__44###proposal__174__182###assumed__106__113###ending__41__47###crisis__65__71###role__118__122###offering__149__157,8,,,,"Iraq's Saddam Hussein, his options for ending the Persian Gulf crisis growing increasingly unpleasant, assumed the role of embattled Arab hero in offering his first rough proposal for a negotiated end to the confrontation.","Iraq 's Saddam Hussein , his options for ending the Persian Gulf crisis growing increasingly unpleasant , assumed the role of embattled Arab hero in offering his first rough proposal for a negotiated end to the confrontation . ",3,,38
1893181937,9/3/2018 17:20:11,4026687688,9/3/2018 17:18:56,false,prodege,1,11131207,CAN,ON,Ajax,99.231.237.220,,,"[""assumed"",""negotiated""]",WSJ900813-0157.tml,confrontation__211__224###end__41__44###proposal__174__182###assumed__106__113###ending__41__47###crisis__65__71###role__118__122###offering__149__157,8,,,,"Iraq's Saddam Hussein, his options for ending the Persian Gulf crisis growing increasingly unpleasant, assumed the role of embattled Arab hero in offering his first rough proposal for a negotiated end to the confrontation.","Iraq 's Saddam Hussein , his options for ending the Persian Gulf crisis growing increasingly unpleasant , assumed the role of embattled Arab hero in offering his first rough proposal for a negotiated end to the confrontation . ",3,,38
1893181937,9/4/2018 11:24:02,4028742053,9/4/2018 11:23:55,false,prodege,1,4316379,CAN,ON,Windsor,24.57.73.123,,,"[""assumed"",""the"",""role""]",WSJ900813-0157.tml,confrontation__211__224###end__41__44###proposal__174__182###assumed__106__113###ending__41__47###crisis__65__71###role__118__122###offering__149__157,8,,,,"Iraq's Saddam Hussein, his options for ending the Persian Gulf crisis growing increasingly unpleasant, assumed the role of embattled Arab hero in offering his first rough proposal for a negotiated end to the confrontation.","Iraq 's Saddam Hussein , his options for ending the Persian Gulf crisis growing increasingly unpleasant , assumed the role of embattled Arab hero in offering his first rough proposal for a negotiated end to the confrontation . ",3,,38
1893181937,9/4/2018 11:43:49,4028775504,9/4/2018 11:43:23,false,prodege,1,15965551,GBR,B4,Bradford,195.188.173.102,,,"[""assumed"",""the"",""role""]",WSJ900813-0157.tml,confrontation__211__224###end__41__44###proposal__174__182###assumed__106__113###ending__41__47###crisis__65__71###role__118__122###offering__149__157,8,,,,"Iraq's Saddam Hussein, his options for ending the Persian Gulf crisis growing increasingly unpleasant, assumed the role of embattled Arab hero in offering his first rough proposal for a negotiated end to the confrontation.","Iraq 's Saddam Hussein , his options for ending the Persian Gulf crisis growing increasingly unpleasant , assumed the role of embattled Arab hero in offering his first rough proposal for a negotiated end to the confrontation . ",3,,38
1893181937,9/3/2018 18:05:44,4026792258,9/3/2018 18:04:54,false,prodege,1,1924522,USA,NY,New York,108.54.54.93,,,"[""ending the Persian Gulf crisis"",""assumed the role of embattled Arab hero"",""offering his first rough proposal"",""negotiated end to the confrontation""]",WSJ900813-0157.tml,confrontation__211__224###end__41__44###proposal__174__182###assumed__106__113###ending__41__47###crisis__65__71###role__118__122###offering__149__157,8,,,,"Iraq's Saddam Hussein, his options for ending the Persian Gulf crisis growing increasingly unpleasant, assumed the role of embattled Arab hero in offering his first rough proposal for a negotiated end to the confrontation.","Iraq 's Saddam Hussein , his options for ending the Persian Gulf crisis growing increasingly unpleasant , assumed the role of embattled Arab hero in offering his first rough proposal for a negotiated end to the confrontation . ",3,,38
1893181937,9/4/2018 03:51:44,4028097297,9/4/2018 03:50:30,false,prodege,1,22716106,CAN,SK,Saskatoon,207.195.120.146,,,"[""ending the Persian Gulf crisis"",""assumed the role"",""offering"",""first rough proposal for a negotiated end to the confrontation""]",WSJ900813-0157.tml,confrontation__211__224###end__41__44###proposal__174__182###assumed__106__113###ending__41__47###crisis__65__71###role__118__122###offering__149__157,8,,,,"Iraq's Saddam Hussein, his options for ending the Persian Gulf crisis growing increasingly unpleasant, assumed the role of embattled Arab hero in offering his first rough proposal for a negotiated end to the confrontation.","Iraq 's Saddam Hussein , his options for ending the Persian Gulf crisis growing increasingly unpleasant , assumed the role of embattled Arab hero in offering his first rough proposal for a negotiated end to the confrontation . ",3,,38
1893181937,9/4/2018 06:22:47,4028345936,9/4/2018 06:22:32,false,instagc,1,30145358,CAN,QC,Jonquière,96.21.132.139,,,"[""ending"",""assumed"",""offering""]",WSJ900813-0157.tml,confrontation__211__224###end__41__44###proposal__174__182###assumed__106__113###ending__41__47###crisis__65__71###role__118__122###offering__149__157,8,,,,"Iraq's Saddam Hussein, his options for ending the Persian Gulf crisis growing increasingly unpleasant, assumed the role of embattled Arab hero in offering his first rough proposal for a negotiated end to the confrontation.","Iraq 's Saddam Hussein , his options for ending the Persian Gulf crisis growing increasingly unpleasant , assumed the role of embattled Arab hero in offering his first rough proposal for a negotiated end to the confrontation . ",3,,38
1893181937,9/3/2018 19:25:47,4027001140,9/3/2018 19:25:28,false,elite,1,31883685,GBR,I2,Manchester,2.98.53.46,,,"[""ending"",""crisis"",""growing"",""assumed"",""offering"",""end"",""confrontation""]",WSJ900813-0157.tml,confrontation__211__224###end__41__44###proposal__174__182###assumed__106__113###ending__41__47###crisis__65__71###role__118__122###offering__149__157,8,,,,"Iraq's Saddam Hussein, his options for ending the Persian Gulf crisis growing increasingly unpleasant, assumed the role of embattled Arab hero in offering his first rough proposal for a negotiated end to the confrontation.","Iraq 's Saddam Hussein , his options for ending the Persian Gulf crisis growing increasingly unpleasant , assumed the role of embattled Arab hero in offering his first rough proposal for a negotiated end to the confrontation . ",3,,38
1893181937,9/3/2018 15:38:30,4026468966,9/3/2018 15:37:42,false,elite,1,39017656,CAN,BC,Kelowna,24.71.170.141,,,"[""ending"",""crisis"",""growing"",""assumed"",""offering"",""proposal"",""negotiated"",""confrontation""]",WSJ900813-0157.tml,confrontation__211__224###end__41__44###proposal__174__182###assumed__106__113###ending__41__47###crisis__65__71###role__118__122###offering__149__157,8,,,,"Iraq's Saddam Hussein, his options for ending the Persian Gulf crisis growing increasingly unpleasant, assumed the role of embattled Arab hero in offering his first rough proposal for a negotiated end to the confrontation.","Iraq 's Saddam Hussein , his options for ending the Persian Gulf crisis growing increasingly unpleasant , assumed the role of embattled Arab hero in offering his first rough proposal for a negotiated end to the confrontation . ",3,,38
1893181937,9/4/2018 01:44:18,4027864557,9/4/2018 01:43:15,false,instagc,1,34534543,USA,NY,Staten Island,100.37.15.137,,,"[""ending"",""growing"",""embattled"",""negotiated"",""confrontation""]",WSJ900813-0157.tml,confrontation__211__224###end__41__44###proposal__174__182###assumed__106__113###ending__41__47###crisis__65__71###role__118__122###offering__149__157,8,,,,"Iraq's Saddam Hussein, his options for ending the Persian Gulf crisis growing increasingly unpleasant, assumed the role of embattled Arab hero in offering his first rough proposal for a negotiated end to the confrontation.","Iraq 's Saddam Hussein , his options for ending the Persian Gulf crisis growing increasingly unpleasant , assumed the role of embattled Arab hero in offering his first rough proposal for a negotiated end to the confrontation . ",3,,38
1893181937,9/4/2018 08:19:00,4028515977,9/4/2018 08:18:51,false,prodege,1,15555970,GBR,C9,Workington,81.147.57.42,,,"[""growing"",""assumed""]",WSJ900813-0157.tml,confrontation__211__224###end__41__44###proposal__174__182###assumed__106__113###ending__41__47###crisis__65__71###role__118__122###offering__149__157,8,,,,"Iraq's Saddam Hussein, his options for ending the Persian Gulf crisis growing increasingly unpleasant, assumed the role of embattled Arab hero in offering his first rough proposal for a negotiated end to the confrontation.","Iraq 's Saddam Hussein , his options for ending the Persian Gulf crisis growing increasingly unpleasant , assumed the role of embattled Arab hero in offering his first rough proposal for a negotiated end to the confrontation . ",3,,38
1893181937,9/3/2018 22:20:44,4027463247,9/3/2018 22:19:52,false,fusioncash,1,41545007,USA,NV,Las Vegas,24.120.53.14,,,"[""growing"",""increasingly"",""unpleasant""]",WSJ900813-0157.tml,confrontation__211__224###end__41__44###proposal__174__182###assumed__106__113###ending__41__47###crisis__65__71###role__118__122###offering__149__157,8,,,,"Iraq's Saddam Hussein, his options for ending the Persian Gulf crisis growing increasingly unpleasant, assumed the role of embattled Arab hero in offering his first rough proposal for a negotiated end to the confrontation.","Iraq 's Saddam Hussein , his options for ending the Persian Gulf crisis growing increasingly unpleasant , assumed the role of embattled Arab hero in offering his first rough proposal for a negotiated end to the confrontation . ",3,,38
1893181937,9/3/2018 21:11:24,4027300691,9/3/2018 21:10:49,false,neodev,1,44809353,USA,NJ,Jersey City,206.189.233.136,,,"[""increasingly""]",WSJ900813-0157.tml,confrontation__211__224###end__41__44###proposal__174__182###assumed__106__113###ending__41__47###crisis__65__71###role__118__122###offering__149__157,8,,,,"Iraq's Saddam Hussein, his options for ending the Persian Gulf crisis growing increasingly unpleasant, assumed the role of embattled Arab hero in offering his first rough proposal for a negotiated end to the confrontation.","Iraq 's Saddam Hussein , his options for ending the Persian Gulf crisis growing increasingly unpleasant , assumed the role of embattled Arab hero in offering his first rough proposal for a negotiated end to the confrontation . ",3,,38
1893181937,9/4/2018 04:19:46,4028150722,9/4/2018 04:19:36,false,neodev,1,11063039,GBR,I7,Newcastle Upon Tyne,92.5.194.18,,,"[""Iraq"",""Saddam"",""Hussein"",""Persian"",""Gulf"",""Arab""]",WSJ900813-0157.tml,confrontation__211__224###end__41__44###proposal__174__182###assumed__106__113###ending__41__47###crisis__65__71###role__118__122###offering__149__157,8,,,,"Iraq's Saddam Hussein, his options for ending the Persian Gulf crisis growing increasingly unpleasant, assumed the role of embattled Arab hero in offering his first rough proposal for a negotiated end to the confrontation.","Iraq 's Saddam Hussein , his options for ending the Persian Gulf crisis growing increasingly unpleasant , assumed the role of embattled Arab hero in offering his first rough proposal for a negotiated end to the confrontation . ",3,,38
1893181937,9/4/2018 06:28:21,4028355952,9/4/2018 06:27:06,false,neodev,1,41746613,GBR,M2,Solihull,90.254.78.191,,,"[""negotiated"",""confrontation""]",WSJ900813-0157.tml,confrontation__211__224###end__41__44###proposal__174__182###assumed__106__113###ending__41__47###crisis__65__71###role__118__122###offering__149__157,8,,,,"Iraq's Saddam Hussein, his options for ending the Persian Gulf crisis growing increasingly unpleasant, assumed the role of embattled Arab hero in offering his first rough proposal for a negotiated end to the confrontation.","Iraq 's Saddam Hussein , his options for ending the Persian Gulf crisis growing increasingly unpleasant , assumed the role of embattled Arab hero in offering his first rough proposal for a negotiated end to the confrontation . ",3,,38
1893181937,9/4/2018 07:02:22,4028411317,9/4/2018 07:02:03,false,prodege,1,27934334,GBR,,,86.187.162.233,,,"[""offering"",""proposal"",""confrontation""]",WSJ900813-0157.tml,confrontation__211__224###end__41__44###proposal__174__182###assumed__106__113###ending__41__47###crisis__65__71###role__118__122###offering__149__157,8,,,,"Iraq's Saddam Hussein, his options for ending the Persian Gulf crisis growing increasingly unpleasant, assumed the role of embattled Arab hero in offering his first rough proposal for a negotiated end to the confrontation.","Iraq 's Saddam Hussein , his options for ending the Persian Gulf crisis growing increasingly unpleasant , assumed the role of embattled Arab hero in offering his first rough proposal for a negotiated end to the confrontation . ",3,,38
1893181937,9/4/2018 08:51:02,4028553971,9/4/2018 08:50:45,false,prodege,1,15439740,AUS,2,Sydney,61.69.207.143,,,"[""options"",""ending"",""assumed"",""proposal"",""negotiated"",""end"",""confrontation""]",WSJ900813-0157.tml,confrontation__211__224###end__41__44###proposal__174__182###assumed__106__113###ending__41__47###crisis__65__71###role__118__122###offering__149__157,8,,,,"Iraq's Saddam Hussein, his options for ending the Persian Gulf crisis growing increasingly unpleasant, assumed the role of embattled Arab hero in offering his first rough proposal for a negotiated end to the confrontation.","Iraq 's Saddam Hussein , his options for ending the Persian Gulf crisis growing increasingly unpleasant , assumed the role of embattled Arab hero in offering his first rough proposal for a negotiated end to the confrontation . ",3,,38
1893181937,9/3/2018 23:11:58,4027566474,9/3/2018 23:11:36,false,instagc,1,29289135,CAN,QC,Saint-hubert,174.91.248.234,,,"[""Persian Gulf crisis"",""offering his first rough proposal"",""the confrontation""]",WSJ900813-0157.tml,confrontation__211__224###end__41__44###proposal__174__182###assumed__106__113###ending__41__47###crisis__65__71###role__118__122###offering__149__157,8,,,,"Iraq's Saddam Hussein, his options for ending the Persian Gulf crisis growing increasingly unpleasant, assumed the role of embattled Arab hero in offering his first rough proposal for a negotiated end to the confrontation.","Iraq 's Saddam Hussein , his options for ending the Persian Gulf crisis growing increasingly unpleasant , assumed the role of embattled Arab hero in offering his first rough proposal for a negotiated end to the confrontation . ",3,,38
1893181937,9/4/2018 00:37:07,4027737041,9/4/2018 00:34:51,false,gifthunterclub,1,44453708,CAN,BC,Coquitlam,71.19.251.144,,,"[""Persian"",""Gulf"",""crisis"",""growing"",""increasingly"",""unpleasant""]",WSJ900813-0157.tml,confrontation__211__224###end__41__44###proposal__174__182###assumed__106__113###ending__41__47###crisis__65__71###role__118__122###offering__149__157,8,,,,"Iraq's Saddam Hussein, his options for ending the Persian Gulf crisis growing increasingly unpleasant, assumed the role of embattled Arab hero in offering his first rough proposal for a negotiated end to the confrontation.","Iraq 's Saddam Hussein , his options for ending the Persian Gulf crisis growing increasingly unpleasant , assumed the role of embattled Arab hero in offering his first rough proposal for a negotiated end to the confrontation . ",3,,38
1893181938,9/3/2018 18:06:03,4026793027,9/3/2018 18:05:45,false,prodege,1,1924522,USA,NY,New York,108.54.54.93,,,"[""confirmed reports"",""head for the Middle East""]",WSJ900813-0157.tml,confirmed__38__47###reports__48__55###head__164__168,3,,,,"Over the weekend, Pentagon officials confirmed reports that a fourth U.S. aircraft carrier -- the John F. Kennedy -- and its powerful group of support ships could head for the Middle East within a few days.","Over the weekend , Pentagon officials confirmed reports that a fourth U.S. aircraft carrier -- the John F. Kennedy -- and its powerful group of support ships could head for the Middle East within a few days . ",60,,38
1893181938,9/3/2018 17:20:50,4026689524,9/3/2018 17:20:12,false,prodege,1,11131207,CAN,ON,Ajax,99.231.237.220,,,"[""confirmed reports""]",WSJ900813-0157.tml,confirmed__38__47###reports__48__55###head__164__168,3,,,,"Over the weekend, Pentagon officials confirmed reports that a fourth U.S. aircraft carrier -- the John F. Kennedy -- and its powerful group of support ships could head for the Middle East within a few days.","Over the weekend , Pentagon officials confirmed reports that a fourth U.S. aircraft carrier -- the John F. Kennedy -- and its powerful group of support ships could head for the Middle East within a few days . ",60,,38
1893181938,9/3/2018 23:12:11,4027566958,9/3/2018 23:11:59,false,instagc,1,29289135,CAN,QC,Saint-hubert,174.91.248.234,,,"[""confirmed reports""]",WSJ900813-0157.tml,confirmed__38__47###reports__48__55###head__164__168,3,,,,"Over the weekend, Pentagon officials confirmed reports that a fourth U.S. aircraft carrier -- the John F. Kennedy -- and its powerful group of support ships could head for the Middle East within a few days.","Over the weekend , Pentagon officials confirmed reports that a fourth U.S. aircraft carrier -- the John F. Kennedy -- and its powerful group of support ships could head for the Middle East within a few days . ",60,,38
1893181938,9/4/2018 03:52:29,4028098950,9/4/2018 03:51:45,false,prodege,1,22716106,CAN,SK,Saskatoon,207.195.120.146,,,"[""confirmed"",""could head for the Middle East""]",WSJ900813-0157.tml,confirmed__38__47###reports__48__55###head__164__168,3,,,,"Over the weekend, Pentagon officials confirmed reports that a fourth U.S. aircraft carrier -- the John F. Kennedy -- and its powerful group of support ships could head for the Middle East within a few days.","Over the weekend , Pentagon officials confirmed reports that a fourth U.S. aircraft carrier -- the John F. Kennedy -- and its powerful group of support ships could head for the Middle East within a few days . ",60,,38
1893181938,9/4/2018 08:19:13,4028516224,9/4/2018 08:19:01,false,prodege,1,15555970,GBR,C9,Workington,81.147.57.42,,,"[""confirmed"",""could head for""]",WSJ900813-0157.tml,confirmed__38__47###reports__48__55###head__164__168,3,,,,"Over the weekend, Pentagon officials confirmed reports that a fourth U.S. aircraft carrier -- the John F. Kennedy -- and its powerful group of support ships could head for the Middle East within a few days.","Over the weekend , Pentagon officials confirmed reports that a fourth U.S. aircraft carrier -- the John F. Kennedy -- and its powerful group of support ships could head for the Middle East within a few days . ",60,,38
1893181938,9/3/2018 19:26:00,4027001679,9/3/2018 19:25:49,false,elite,1,31883685,GBR,I2,Manchester,2.98.53.46,,,"[""confirmed"",""head for""]",WSJ900813-0157.tml,confirmed__38__47###reports__48__55###head__164__168,3,,,,"Over the weekend, Pentagon officials confirmed reports that a fourth U.S. aircraft carrier -- the John F. Kennedy -- and its powerful group of support ships could head for the Middle East within a few days.","Over the weekend , Pentagon officials confirmed reports that a fourth U.S. aircraft carrier -- the John F. Kennedy -- and its powerful group of support ships could head for the Middle East within a few days . ",60,,38
1893181938,9/4/2018 01:44:34,4027864939,9/4/2018 01:44:18,false,instagc,1,34534543,USA,NY,Staten Island,100.37.15.137,,,"[""confirmed"",""head""]",WSJ900813-0157.tml,confirmed__38__47###reports__48__55###head__164__168,3,,,,"Over the weekend, Pentagon officials confirmed reports that a fourth U.S. aircraft carrier -- the John F. Kennedy -- and its powerful group of support ships could head for the Middle East within a few days.","Over the weekend , Pentagon officials confirmed reports that a fourth U.S. aircraft carrier -- the John F. Kennedy -- and its powerful group of support ships could head for the Middle East within a few days . ",60,,38
1893181938,9/4/2018 06:24:43,4028348943,9/4/2018 06:22:48,false,instagc,1,30145358,CAN,QC,Jonquière,96.21.132.139,,,"[""confirmed"",""head""]",WSJ900813-0157.tml,confirmed__38__47###reports__48__55###head__164__168,3,,,,"Over the weekend, Pentagon officials confirmed reports that a fourth U.S. aircraft carrier -- the John F. Kennedy -- and its powerful group of support ships could head for the Middle East within a few days.","Over the weekend , Pentagon officials confirmed reports that a fourth U.S. aircraft carrier -- the John F. Kennedy -- and its powerful group of support ships could head for the Middle East within a few days . ",60,,38
1893181938,9/3/2018 15:39:08,4026470111,9/3/2018 15:38:31,false,elite,1,39017656,CAN,BC,Kelowna,24.71.170.141,,,"[""confirmed"",""reports"",""head""]",WSJ900813-0157.tml,confirmed__38__47###reports__48__55###head__164__168,3,,,,"Over the weekend, Pentagon officials confirmed reports that a fourth U.S. aircraft carrier -- the John F. Kennedy -- and its powerful group of support ships could head for the Middle East within a few days.","Over the weekend , Pentagon officials confirmed reports that a fourth U.S. aircraft carrier -- the John F. Kennedy -- and its powerful group of support ships could head for the Middle East within a few days . ",60,,38
1893181938,9/3/2018 16:11:30,4026528634,9/3/2018 16:11:20,false,instagc,1,39127197,GBR,N9,Swindon,151.228.218.179,,,"[""confirmed"",""reports"",""head""]",WSJ900813-0157.tml,confirmed__38__47###reports__48__55###head__164__168,3,,,,"Over the weekend, Pentagon officials confirmed reports that a fourth U.S. aircraft carrier -- the John F. Kennedy -- and its powerful group of support ships could head for the Middle East within a few days.","Over the weekend , Pentagon officials confirmed reports that a fourth U.S. aircraft carrier -- the John F. Kennedy -- and its powerful group of support ships could head for the Middle East within a few days . ",60,,38
1893181938,9/4/2018 11:24:10,4028742395,9/4/2018 11:24:03,false,prodege,1,4316379,CAN,ON,Windsor,24.57.73.123,,,"[""confirmed"",""reports""]",WSJ900813-0157.tml,confirmed__38__47###reports__48__55###head__164__168,3,,,,"Over the weekend, Pentagon officials confirmed reports that a fourth U.S. aircraft carrier -- the John F. Kennedy -- and its powerful group of support ships could head for the Middle East within a few days.","Over the weekend , Pentagon officials confirmed reports that a fourth U.S. aircraft carrier -- the John F. Kennedy -- and its powerful group of support ships could head for the Middle East within a few days . ",60,,38
1893181938,9/4/2018 11:43:55,4028775777,9/4/2018 11:43:50,false,prodege,1,15965551,GBR,B4,Bradford,195.188.173.102,,,"[""confirmed"",""reports""]",WSJ900813-0157.tml,confirmed__38__47###reports__48__55###head__164__168,3,,,,"Over the weekend, Pentagon officials confirmed reports that a fourth U.S. aircraft carrier -- the John F. Kennedy -- and its powerful group of support ships could head for the Middle East within a few days.","Over the weekend , Pentagon officials confirmed reports that a fourth U.S. aircraft carrier -- the John F. Kennedy -- and its powerful group of support ships could head for the Middle East within a few days . ",60,,38
1893181938,9/3/2018 21:11:48,4027301698,9/3/2018 21:11:25,false,neodev,1,44809353,USA,NJ,Jersey City,206.189.233.136,,,"[""confirmed""]",WSJ900813-0157.tml,confirmed__38__47###reports__48__55###head__164__168,3,,,,"Over the weekend, Pentagon officials confirmed reports that a fourth U.S. aircraft carrier -- the John F. Kennedy -- and its powerful group of support ships could head for the Middle East within a few days.","Over the weekend , Pentagon officials confirmed reports that a fourth U.S. aircraft carrier -- the John F. Kennedy -- and its powerful group of support ships could head for the Middle East within a few days . ",60,,38
1893181938,9/4/2018 06:39:29,4028377831,9/4/2018 06:37:35,false,neodev,1,41746613,GBR,M2,Solihull,90.254.78.191,,,"[""confirmed""]",WSJ900813-0157.tml,confirmed__38__47###reports__48__55###head__164__168,3,,,,"Over the weekend, Pentagon officials confirmed reports that a fourth U.S. aircraft carrier -- the John F. Kennedy -- and its powerful group of support ships could head for the Middle East within a few days.","Over the weekend , Pentagon officials confirmed reports that a fourth U.S. aircraft carrier -- the John F. Kennedy -- and its powerful group of support ships could head for the Middle East within a few days . ",60,,38
1893181938,9/4/2018 07:02:34,4028411735,9/4/2018 07:02:23,false,prodege,1,27934334,GBR,,,86.187.162.233,,,"[""confirmed""]",WSJ900813-0157.tml,confirmed__38__47###reports__48__55###head__164__168,3,,,,"Over the weekend, Pentagon officials confirmed reports that a fourth U.S. aircraft carrier -- the John F. Kennedy -- and its powerful group of support ships could head for the Middle East within a few days.","Over the weekend , Pentagon officials confirmed reports that a fourth U.S. aircraft carrier -- the John F. Kennedy -- and its powerful group of support ships could head for the Middle East within a few days . ",60,,38
1893181938,9/4/2018 00:37:39,4027737969,9/4/2018 00:37:11,false,gifthunterclub,1,44453708,CAN,BC,Coquitlam,71.19.251.144,,,"[""could"",""head"",""for"",""the"",""Middle"",""East"",""within"",""a"",""few"",""days""]",WSJ900813-0157.tml,confirmed__38__47###reports__48__55###head__164__168,3,,,,"Over the weekend, Pentagon officials confirmed reports that a fourth U.S. aircraft carrier -- the John F. Kennedy -- and its powerful group of support ships could head for the Middle East within a few days.","Over the weekend , Pentagon officials confirmed reports that a fourth U.S. aircraft carrier -- the John F. Kennedy -- and its powerful group of support ships could head for the Middle East within a few days . ",60,,38
1893181938,9/3/2018 20:22:03,4027159215,9/3/2018 20:21:24,false,prodege,1,18972023,GBR,C9,Carlisle,146.198.63.229,,,"[""Over the weekend , Pentagon officials confirmed reports that a fourth U.S. aircraft carrier -- the John F. Kennedy -- and its powerful group of support ships could head for the Middle East within a few days""]",WSJ900813-0157.tml,confirmed__38__47###reports__48__55###head__164__168,3,,,,"Over the weekend, Pentagon officials confirmed reports that a fourth U.S. aircraft carrier -- the John F. Kennedy -- and its powerful group of support ships could head for the Middle East within a few days.","Over the weekend , Pentagon officials confirmed reports that a fourth U.S. aircraft carrier -- the John F. Kennedy -- and its powerful group of support ships could head for the Middle East within a few days . ",60,,38
1893181938,9/3/2018 22:21:14,4027464301,9/3/2018 22:20:45,false,fusioncash,1,41545007,USA,NV,Las Vegas,24.120.53.14,,,"[""Pentagon officials confirmed""]",WSJ900813-0157.tml,confirmed__38__47###reports__48__55###head__164__168,3,,,,"Over the weekend, Pentagon officials confirmed reports that a fourth U.S. aircraft carrier -- the John F. Kennedy -- and its powerful group of support ships could head for the Middle East within a few days.","Over the weekend , Pentagon officials confirmed reports that a fourth U.S. aircraft carrier -- the John F. Kennedy -- and its powerful group of support ships could head for the Middle East within a few days . ",60,,38
1893181938,9/4/2018 08:51:55,4028555072,9/4/2018 08:51:04,false,prodege,1,15439740,AUS,2,Sydney,61.69.207.143,,,"[""reports"",""head""]",WSJ900813-0157.tml,confirmed__38__47###reports__48__55###head__164__168,3,,,,"Over the weekend, Pentagon officials confirmed reports that a fourth U.S. aircraft carrier -- the John F. Kennedy -- and its powerful group of support ships could head for the Middle East within a few days.","Over the weekend , Pentagon officials confirmed reports that a fourth U.S. aircraft carrier -- the John F. Kennedy -- and its powerful group of support ships could head for the Middle East within a few days . ",60,,38
1893181938,9/4/2018 04:20:00,4028151121,9/4/2018 04:19:47,false,neodev,1,11063039,GBR,I7,Newcastle Upon Tyne,92.5.194.18,,,"[""U.S."",""John"",""F."",""Kennedy"",""Middle"",""East""]",WSJ900813-0157.tml,confirmed__38__47###reports__48__55###head__164__168,3,,,,"Over the weekend, Pentagon officials confirmed reports that a fourth U.S. aircraft carrier -- the John F. Kennedy -- and its powerful group of support ships could head for the Middle East within a few days.","Over the weekend , Pentagon officials confirmed reports that a fourth U.S. aircraft carrier -- the John F. Kennedy -- and its powerful group of support ships could head for the Middle East within a few days . ",60,,38
1893181939,9/4/2018 11:44:05,4028776204,9/4/2018 11:43:57,false,prodege,1,15965551,GBR,B4,Bradford,195.188.173.102,,,"[""become"",""bogged"",""down""]",WSJ910225-0066.tml,become__103__109###casualties__88__98###entrenched__204__214###encounter__156__165###suffer__73__79###indications__18__29###bogged__110__116,7,,,,"Despite the early indications of success, the allied forces could still suffer greater casualties and become bogged down militarily , especially when they encounter the tough Republican Guard, which is entrenched along the Iraq-Kuwait border.","Despite the early indications of success , the allied forces could still suffer greater casualties and become bogged down militarily , especially when they encounter the tough Republican Guard , which is entrenched along the Iraq-Kuwait border . ",16,,38
1893181939,9/3/2018 17:21:27,4026690980,9/3/2018 17:20:52,false,prodege,1,11131207,CAN,ON,Ajax,99.231.237.220,,,"[""casualties"",""encounter""]",WSJ910225-0066.tml,become__103__109###casualties__88__98###entrenched__204__214###encounter__156__165###suffer__73__79###indications__18__29###bogged__110__116,7,,,,"Despite the early indications of success, the allied forces could still suffer greater casualties and become bogged down militarily , especially when they encounter the tough Republican Guard, which is entrenched along the Iraq-Kuwait border.","Despite the early indications of success , the allied forces could still suffer greater casualties and become bogged down militarily , especially when they encounter the tough Republican Guard , which is entrenched along the Iraq-Kuwait border . ",16,,38
1893181939,9/4/2018 08:19:30,4028516599,9/4/2018 08:19:14,false,prodege,1,15555970,GBR,C9,Workington,81.147.57.42,,,"[""could still"",""become"",""encounter"",""is""]",WSJ910225-0066.tml,become__103__109###casualties__88__98###entrenched__204__214###encounter__156__165###suffer__73__79###indications__18__29###bogged__110__116,7,,,,"Despite the early indications of success, the allied forces could still suffer greater casualties and become bogged down militarily , especially when they encounter the tough Republican Guard, which is entrenched along the Iraq-Kuwait border.","Despite the early indications of success , the allied forces could still suffer greater casualties and become bogged down militarily , especially when they encounter the tough Republican Guard , which is entrenched along the Iraq-Kuwait border . ",16,,38
1893181939,9/3/2018 22:22:27,4027466749,9/3/2018 22:21:15,false,fusioncash,1,41545007,USA,NV,Las Vegas,24.120.53.14,,,"[""could"",""still"",""suffer"",""greater"",""casualties"",""become"",""bogged"",""down"",""encounter"",""entrenched"",""along"",""Iraq-Kuwait border"",""Iraq-Kuwait""]",WSJ910225-0066.tml,become__103__109###casualties__88__98###entrenched__204__214###encounter__156__165###suffer__73__79###indications__18__29###bogged__110__116,7,,,,"Despite the early indications of success, the allied forces could still suffer greater casualties and become bogged down militarily , especially when they encounter the tough Republican Guard, which is entrenched along the Iraq-Kuwait border.","Despite the early indications of success , the allied forces could still suffer greater casualties and become bogged down militarily , especially when they encounter the tough Republican Guard , which is entrenched along the Iraq-Kuwait border . ",16,,38
1893181939,9/4/2018 00:38:19,4027739105,9/4/2018 00:37:43,false,gifthunterclub,1,44453708,CAN,BC,Coquitlam,71.19.251.144,,,"[""could"",""still"",""suffer"",""greater"",""casualties"",""when"",""they"",""encounter"",""the"",""tough"",""Republican"",""Guard""]",WSJ910225-0066.tml,become__103__109###casualties__88__98###entrenched__204__214###encounter__156__165###suffer__73__79###indications__18__29###bogged__110__116,7,,,,"Despite the early indications of success, the allied forces could still suffer greater casualties and become bogged down militarily , especially when they encounter the tough Republican Guard, which is entrenched along the Iraq-Kuwait border.","Despite the early indications of success , the allied forces could still suffer greater casualties and become bogged down militarily , especially when they encounter the tough Republican Guard , which is entrenched along the Iraq-Kuwait border . ",16,,38
1893181939,9/3/2018 21:12:23,4027303044,9/3/2018 21:11:50,false,neodev,1,44809353,USA,NJ,Jersey City,206.189.233.136,,,"[""Despite""]",WSJ910225-0066.tml,become__103__109###casualties__88__98###entrenched__204__214###encounter__156__165###suffer__73__79###indications__18__29###bogged__110__116,7,,,,"Despite the early indications of success, the allied forces could still suffer greater casualties and become bogged down militarily , especially when they encounter the tough Republican Guard, which is entrenched along the Iraq-Kuwait border.","Despite the early indications of success , the allied forces could still suffer greater casualties and become bogged down militarily , especially when they encounter the tough Republican Guard , which is entrenched along the Iraq-Kuwait border . ",16,,38
1893181939,9/3/2018 18:06:59,4026795119,9/3/2018 18:06:04,false,prodege,1,1924522,USA,NY,New York,108.54.54.93,,,"[""early indications of success"",""suffer greater casualties"",""become bogged down militarily"",""especially when they encounter the tough Republican Guard"",""which is entrenched""]",WSJ910225-0066.tml,become__103__109###casualties__88__98###entrenched__204__214###encounter__156__165###suffer__73__79###indications__18__29###bogged__110__116,7,,,,"Despite the early indications of success, the allied forces could still suffer greater casualties and become bogged down militarily , especially when they encounter the tough Republican Guard, which is entrenched along the Iraq-Kuwait border.","Despite the early indications of success , the allied forces could still suffer greater casualties and become bogged down militarily , especially when they encounter the tough Republican Guard , which is entrenched along the Iraq-Kuwait border . ",16,,38
1893181939,9/3/2018 20:22:24,4027160106,9/3/2018 20:22:04,false,prodege,1,18972023,GBR,C9,Carlisle,146.198.63.229,,,"[""early indications of success""]",WSJ910225-0066.tml,become__103__109###casualties__88__98###entrenched__204__214###encounter__156__165###suffer__73__79###indications__18__29###bogged__110__116,7,,,,"Despite the early indications of success, the allied forces could still suffer greater casualties and become bogged down militarily , especially when they encounter the tough Republican Guard, which is entrenched along the Iraq-Kuwait border.","Despite the early indications of success , the allied forces could still suffer greater casualties and become bogged down militarily , especially when they encounter the tough Republican Guard , which is entrenched along the Iraq-Kuwait border . ",16,,38
1893181939,9/3/2018 16:11:43,4026528931,9/3/2018 16:11:32,false,instagc,1,39127197,GBR,N9,Swindon,151.228.218.179,,,"[""early"",""indications"",""suffer"",""greater"",""casualties"",""bogged"",""down"",""encounter"",""entrenched""]",WSJ910225-0066.tml,become__103__109###casualties__88__98###entrenched__204__214###encounter__156__165###suffer__73__79###indications__18__29###bogged__110__116,7,,,,"Despite the early indications of success, the allied forces could still suffer greater casualties and become bogged down militarily , especially when they encounter the tough Republican Guard, which is entrenched along the Iraq-Kuwait border.","Despite the early indications of success , the allied forces could still suffer greater casualties and become bogged down militarily , especially when they encounter the tough Republican Guard , which is entrenched along the Iraq-Kuwait border . ",16,,38
1893181939,9/4/2018 06:39:56,4028378803,9/4/2018 06:39:31,false,neodev,1,41746613,GBR,M2,Solihull,90.254.78.191,,,"[""encounter"",""entrenched""]",WSJ910225-0066.tml,become__103__109###casualties__88__98###entrenched__204__214###encounter__156__165###suffer__73__79###indications__18__29###bogged__110__116,7,,,,"Despite the early indications of success, the allied forces could still suffer greater casualties and become bogged down militarily , especially when they encounter the tough Republican Guard, which is entrenched along the Iraq-Kuwait border.","Despite the early indications of success , the allied forces could still suffer greater casualties and become bogged down militarily , especially when they encounter the tough Republican Guard , which is entrenched along the Iraq-Kuwait border . ",16,,38
1893181939,9/4/2018 07:02:57,4028412395,9/4/2018 07:02:36,false,prodege,1,27934334,GBR,,,86.187.162.233,,,"[""encounter"",""entrenched""]",WSJ910225-0066.tml,become__103__109###casualties__88__98###entrenched__204__214###encounter__156__165###suffer__73__79###indications__18__29###bogged__110__116,7,,,,"Despite the early indications of success, the allied forces could still suffer greater casualties and become bogged down militarily , especially when they encounter the tough Republican Guard, which is entrenched along the Iraq-Kuwait border.","Despite the early indications of success , the allied forces could still suffer greater casualties and become bogged down militarily , especially when they encounter the tough Republican Guard , which is entrenched along the Iraq-Kuwait border . ",16,,38
1893181939,9/3/2018 23:12:47,4027567835,9/3/2018 23:12:13,false,instagc,1,29289135,CAN,QC,Saint-hubert,174.91.248.234,,,"[""entrenched along the Iraq-Kuwait border""]",WSJ910225-0066.tml,become__103__109###casualties__88__98###entrenched__204__214###encounter__156__165###suffer__73__79###indications__18__29###bogged__110__116,7,,,,"Despite the early indications of success, the allied forces could still suffer greater casualties and become bogged down militarily , especially when they encounter the tough Republican Guard, which is entrenched along the Iraq-Kuwait border.","Despite the early indications of success , the allied forces could still suffer greater casualties and become bogged down militarily , especially when they encounter the tough Republican Guard , which is entrenched along the Iraq-Kuwait border . ",16,,38
1893181939,9/3/2018 19:26:23,4027002711,9/3/2018 19:26:02,false,elite,1,31883685,GBR,I2,Manchester,2.98.53.46,,,"[""indications"",""success"",""suffer"",""casualties"",""become bogged down"",""encounter""]",WSJ910225-0066.tml,become__103__109###casualties__88__98###entrenched__204__214###encounter__156__165###suffer__73__79###indications__18__29###bogged__110__116,7,,,,"Despite the early indications of success, the allied forces could still suffer greater casualties and become bogged down militarily , especially when they encounter the tough Republican Guard, which is entrenched along the Iraq-Kuwait border.","Despite the early indications of success , the allied forces could still suffer greater casualties and become bogged down militarily , especially when they encounter the tough Republican Guard , which is entrenched along the Iraq-Kuwait border . ",16,,38
1893181939,9/3/2018 15:40:03,4026471714,9/3/2018 15:39:10,false,elite,1,39017656,CAN,BC,Kelowna,24.71.170.141,,,"[""indications"",""suffer"",""casualties"",""become bogged down"",""encounter"",""entrenched""]",WSJ910225-0066.tml,become__103__109###casualties__88__98###entrenched__204__214###encounter__156__165###suffer__73__79###indications__18__29###bogged__110__116,7,,,,"Despite the early indications of success, the allied forces could still suffer greater casualties and become bogged down militarily , especially when they encounter the tough Republican Guard, which is entrenched along the Iraq-Kuwait border.","Despite the early indications of success , the allied forces could still suffer greater casualties and become bogged down militarily , especially when they encounter the tough Republican Guard , which is entrenched along the Iraq-Kuwait border . ",16,,38
1893181939,9/4/2018 04:20:12,4028151512,9/4/2018 04:20:01,false,neodev,1,11063039,GBR,I7,Newcastle Upon Tyne,92.5.194.18,,,"[""militarily"",""Republican"",""Guard"",""Iraq-Kuwait""]",WSJ910225-0066.tml,become__103__109###casualties__88__98###entrenched__204__214###encounter__156__165###suffer__73__79###indications__18__29###bogged__110__116,7,,,,"Despite the early indications of success, the allied forces could still suffer greater casualties and become bogged down militarily , especially when they encounter the tough Republican Guard, which is entrenched along the Iraq-Kuwait border.","Despite the early indications of success , the allied forces could still suffer greater casualties and become bogged down militarily , especially when they encounter the tough Republican Guard , which is entrenched along the Iraq-Kuwait border . ",16,,38
1893181939,9/4/2018 03:53:59,4028101679,9/4/2018 03:52:30,false,prodege,1,22716106,CAN,SK,Saskatoon,207.195.120.146,,,"[""suffer"",""become bogged down"",""encounter"",""entrenched""]",WSJ910225-0066.tml,become__103__109###casualties__88__98###entrenched__204__214###encounter__156__165###suffer__73__79###indications__18__29###bogged__110__116,7,,,,"Despite the early indications of success, the allied forces could still suffer greater casualties and become bogged down militarily , especially when they encounter the tough Republican Guard, which is entrenched along the Iraq-Kuwait border.","Despite the early indications of success , the allied forces could still suffer greater casualties and become bogged down militarily , especially when they encounter the tough Republican Guard , which is entrenched along the Iraq-Kuwait border . ",16,,38
1893181939,9/4/2018 08:52:38,4028556004,9/4/2018 08:51:58,false,prodege,1,15439740,AUS,2,Sydney,61.69.207.143,,,"[""suffer"",""bogged"",""down"",""encounter"",""entrenched""]",WSJ910225-0066.tml,become__103__109###casualties__88__98###entrenched__204__214###encounter__156__165###suffer__73__79###indications__18__29###bogged__110__116,7,,,,"Despite the early indications of success, the allied forces could still suffer greater casualties and become bogged down militarily , especially when they encounter the tough Republican Guard, which is entrenched along the Iraq-Kuwait border.","Despite the early indications of success , the allied forces could still suffer greater casualties and become bogged down militarily , especially when they encounter the tough Republican Guard , which is entrenched along the Iraq-Kuwait border . ",16,,38
1893181939,9/4/2018 06:29:03,4028357318,9/4/2018 06:28:36,false,instagc,1,30145358,CAN,QC,Jonquière,96.21.132.139,,,"[""suffer"",""bogged"",""encounter"",""entrenched""]",WSJ910225-0066.tml,become__103__109###casualties__88__98###entrenched__204__214###encounter__156__165###suffer__73__79###indications__18__29###bogged__110__116,7,,,,"Despite the early indications of success, the allied forces could still suffer greater casualties and become bogged down militarily , especially when they encounter the tough Republican Guard, which is entrenched along the Iraq-Kuwait border.","Despite the early indications of success , the allied forces could still suffer greater casualties and become bogged down militarily , especially when they encounter the tough Republican Guard , which is entrenched along the Iraq-Kuwait border . ",16,,38
1893181939,9/4/2018 01:45:22,4027866395,9/4/2018 01:44:34,false,instagc,1,34534543,USA,NY,Staten Island,100.37.15.137,,,"[""suffer"",""casualties"",""bogged down"",""encounter"",""entrenched""]",WSJ910225-0066.tml,become__103__109###casualties__88__98###entrenched__204__214###encounter__156__165###suffer__73__79###indications__18__29###bogged__110__116,7,,,,"Despite the early indications of success, the allied forces could still suffer greater casualties and become bogged down militarily , especially when they encounter the tough Republican Guard, which is entrenched along the Iraq-Kuwait border.","Despite the early indications of success , the allied forces could still suffer greater casualties and become bogged down militarily , especially when they encounter the tough Republican Guard , which is entrenched along the Iraq-Kuwait border . ",16,,38
1893181939,9/4/2018 11:24:21,4028742750,9/4/2018 11:24:11,false,prodege,1,4316379,CAN,ON,Windsor,24.57.73.123,,,"[""suffer"",""greater"",""casualties"",""bogged"",""down"",""militarily""]",WSJ910225-0066.tml,become__103__109###casualties__88__98###entrenched__204__214###encounter__156__165###suffer__73__79###indications__18__29###bogged__110__116,7,,,,"Despite the early indications of success, the allied forces could still suffer greater casualties and become bogged down militarily , especially when they encounter the tough Republican Guard, which is entrenched along the Iraq-Kuwait border.","Despite the early indications of success , the allied forces could still suffer greater casualties and become bogged down militarily , especially when they encounter the tough Republican Guard , which is entrenched along the Iraq-Kuwait border . ",16,,38
1893181940,9/4/2018 06:29:23,4028358061,9/4/2018 06:29:04,false,instagc,1,30145358,CAN,QC,Jonquière,96.21.132.139,,,"[""are"",""is"",""are"",""change""]",ed980111.1130.0089.tml,likely__69__75###out__15__18###off__35__38###change__79__85,4,,,,The lights are out and the heat is off and those vital signs are not likely to change much over the next several days for p- people in parts of the northeastern US and eastern Canada.,The lights are out and the heat is off and those vital signs are not likely to change much over the next several days for p - people in parts of the northeastern US and eastern Canada .,1,,38
1893181940,9/4/2018 08:19:41,4028516806,9/4/2018 08:19:32,false,prodege,1,15555970,GBR,C9,Workington,81.147.57.42,,,"[""are"",""is"",""are""]",ed980111.1130.0089.tml,likely__69__75###out__15__18###off__35__38###change__79__85,4,,,,The lights are out and the heat is off and those vital signs are not likely to change much over the next several days for p- people in parts of the northeastern US and eastern Canada.,The lights are out and the heat is off and those vital signs are not likely to change much over the next several days for p - people in parts of the northeastern US and eastern Canada .,1,,38
1893181940,9/3/2018 19:26:34,4027003253,9/3/2018 19:26:25,false,elite,1,31883685,GBR,I2,Manchester,2.98.53.46,,,"[""change""]",ed980111.1130.0089.tml,likely__69__75###out__15__18###off__35__38###change__79__85,4,,,,The lights are out and the heat is off and those vital signs are not likely to change much over the next several days for p- people in parts of the northeastern US and eastern Canada.,The lights are out and the heat is off and those vital signs are not likely to change much over the next several days for p - people in parts of the northeastern US and eastern Canada .,1,,38
1893181940,9/3/2018 21:12:51,4027304306,9/3/2018 21:12:25,false,neodev,1,44809353,USA,NJ,Jersey City,206.189.233.136,,,"[""change""]",ed980111.1130.0089.tml,likely__69__75###out__15__18###off__35__38###change__79__85,4,,,,The lights are out and the heat is off and those vital signs are not likely to change much over the next several days for p- people in parts of the northeastern US and eastern Canada.,The lights are out and the heat is off and those vital signs are not likely to change much over the next several days for p - people in parts of the northeastern US and eastern Canada .,1,,38
1893181940,9/4/2018 06:40:57,4028380386,9/4/2018 06:39:58,false,neodev,1,41746613,GBR,M2,Solihull,90.254.78.191,,,"[""change""]",ed980111.1130.0089.tml,likely__69__75###out__15__18###off__35__38###change__79__85,4,,,,The lights are out and the heat is off and those vital signs are not likely to change much over the next several days for p- people in parts of the northeastern US and eastern Canada.,The lights are out and the heat is off and those vital signs are not likely to change much over the next several days for p - people in parts of the northeastern US and eastern Canada .,1,,38
1893181940,9/4/2018 11:44:21,4028776961,9/4/2018 11:44:07,false,prodege,1,15965551,GBR,B4,Bradford,195.188.173.102,,,"[""heat"",""is"",""off""]",ed980111.1130.0089.tml,likely__69__75###out__15__18###off__35__38###change__79__85,4,,,,The lights are out and the heat is off and those vital signs are not likely to change much over the next several days for p- people in parts of the northeastern US and eastern Canada.,The lights are out and the heat is off and those vital signs are not likely to change much over the next several days for p - people in parts of the northeastern US and eastern Canada .,1,,38
1893181940,9/3/2018 20:23:12,4027162149,9/3/2018 20:22:25,false,prodege,1,18972023,GBR,C9,Carlisle,146.198.63.229,,,"[""lights are out and the heat is off and those vital signs are not likely to change much over the next several days for p - people in parts of the northeastern US and eastern Canada""]",ed980111.1130.0089.tml,likely__69__75###out__15__18###off__35__38###change__79__85,4,,,,The lights are out and the heat is off and those vital signs are not likely to change much over the next several days for p- people in parts of the northeastern US and eastern Canada.,The lights are out and the heat is off and those vital signs are not likely to change much over the next several days for p - people in parts of the northeastern US and eastern Canada .,1,,38
1893181940,9/3/2018 22:22:57,4027468022,9/3/2018 22:22:29,false,fusioncash,1,41545007,USA,NV,Las Vegas,24.120.53.14,,,"[""lights are out and the heat is off""]",ed980111.1130.0089.tml,likely__69__75###out__15__18###off__35__38###change__79__85,4,,,,The lights are out and the heat is off and those vital signs are not likely to change much over the next several days for p- people in parts of the northeastern US and eastern Canada.,The lights are out and the heat is off and those vital signs are not likely to change much over the next several days for p - people in parts of the northeastern US and eastern Canada .,1,,38
1893181940,9/4/2018 11:44:57,4028778065,9/4/2018 11:44:02,false,prodege,1,38202325,USA,ME,Limestone,98.13.82.121,,,"[""lights are out"",""heat is off and"",""vital signs"",""next several days""]",ed980111.1130.0089.tml,likely__69__75###out__15__18###off__35__38###change__79__85,4,,,,The lights are out and the heat is off and those vital signs are not likely to change much over the next several days for p- people in parts of the northeastern US and eastern Canada.,The lights are out and the heat is off and those vital signs are not likely to change much over the next several days for p - people in parts of the northeastern US and eastern Canada .,1,,38
1893181940,9/4/2018 03:54:58,4028103664,9/4/2018 03:54:00,false,prodege,1,22716106,CAN,SK,Saskatoon,207.195.120.146,,,"[""lights are out"",""heat is off"",""not likely to change""]",ed980111.1130.0089.tml,likely__69__75###out__15__18###off__35__38###change__79__85,4,,,,The lights are out and the heat is off and those vital signs are not likely to change much over the next several days for p- people in parts of the northeastern US and eastern Canada.,The lights are out and the heat is off and those vital signs are not likely to change much over the next several days for p - people in parts of the northeastern US and eastern Canada .,1,,38
1893181940,9/3/2018 23:13:11,4027568577,9/3/2018 23:12:48,false,instagc,1,29289135,CAN,QC,Saint-hubert,174.91.248.234,,,"[""lights are out"",""heat is off""]",ed980111.1130.0089.tml,likely__69__75###out__15__18###off__35__38###change__79__85,4,,,,The lights are out and the heat is off and those vital signs are not likely to change much over the next several days for p- people in parts of the northeastern US and eastern Canada.,The lights are out and the heat is off and those vital signs are not likely to change much over the next several days for p - people in parts of the northeastern US and eastern Canada .,1,,38
1893181940,9/4/2018 01:45:42,4027866931,9/4/2018 01:45:22,false,instagc,1,34534543,USA,NY,Staten Island,100.37.15.137,,,"[""lights are out"",""heat is off""]",ed980111.1130.0089.tml,likely__69__75###out__15__18###off__35__38###change__79__85,4,,,,The lights are out and the heat is off and those vital signs are not likely to change much over the next several days for p- people in parts of the northeastern US and eastern Canada.,The lights are out and the heat is off and those vital signs are not likely to change much over the next several days for p - people in parts of the northeastern US and eastern Canada .,1,,38
1893181940,9/4/2018 07:03:24,4028413345,9/4/2018 07:02:59,false,prodege,1,27934334,GBR,,,86.187.162.233,,,"[""lights are out"",""heat is off""]",ed980111.1130.0089.tml,likely__69__75###out__15__18###off__35__38###change__79__85,4,,,,The lights are out and the heat is off and those vital signs are not likely to change much over the next several days for p- people in parts of the northeastern US and eastern Canada.,The lights are out and the heat is off and those vital signs are not likely to change much over the next several days for p - people in parts of the northeastern US and eastern Canada .,1,,38
1893181940,9/4/2018 11:25:25,4028744295,9/4/2018 11:24:22,false,prodege,1,4316379,CAN,ON,Windsor,24.57.73.123,,,"[""lights"",""are"",""out"",""heat"",""is"",""off""]",ed980111.1130.0089.tml,likely__69__75###out__15__18###off__35__38###change__79__85,4,,,,The lights are out and the heat is off and those vital signs are not likely to change much over the next several days for p- people in parts of the northeastern US and eastern Canada.,The lights are out and the heat is off and those vital signs are not likely to change much over the next several days for p - people in parts of the northeastern US and eastern Canada .,1,,38
1893181940,9/3/2018 16:11:54,4026529269,9/3/2018 16:11:45,false,instagc,1,39127197,GBR,N9,Swindon,151.228.218.179,,,"[""lights"",""not"",""likely""]",ed980111.1130.0089.tml,likely__69__75###out__15__18###off__35__38###change__79__85,4,,,,The lights are out and the heat is off and those vital signs are not likely to change much over the next several days for p- people in parts of the northeastern US and eastern Canada.,The lights are out and the heat is off and those vital signs are not likely to change much over the next several days for p - people in parts of the northeastern US and eastern Canada .,1,,38
1893181940,9/4/2018 04:20:26,4028151862,9/4/2018 04:20:13,false,neodev,1,11063039,GBR,I7,Newcastle Upon Tyne,92.5.194.18,,,"[""northeastern"",""US"",""Canada""]",ed980111.1130.0089.tml,likely__69__75###out__15__18###off__35__38###change__79__85,4,,,,The lights are out and the heat is off and those vital signs are not likely to change much over the next several days for p- people in parts of the northeastern US and eastern Canada.,The lights are out and the heat is off and those vital signs are not likely to change much over the next several days for p - people in parts of the northeastern US and eastern Canada .,1,,38
1893181940,9/4/2018 00:38:52,4027740078,9/4/2018 00:38:23,false,gifthunterclub,1,44453708,CAN,BC,Coquitlam,71.19.251.144,,,"[""not"",""likely"",""to"",""change"",""much"",""over"",""the"",""next"",""several"",""days""]",ed980111.1130.0089.tml,likely__69__75###out__15__18###off__35__38###change__79__85,4,,,,The lights are out and the heat is off and those vital signs are not likely to change much over the next several days for p- people in parts of the northeastern US and eastern Canada.,The lights are out and the heat is off and those vital signs are not likely to change much over the next several days for p - people in parts of the northeastern US and eastern Canada .,1,,38
1893181940,9/3/2018 15:40:53,4026473450,9/3/2018 15:40:04,false,elite,1,39017656,CAN,BC,Kelowna,24.71.170.141,,,"[""out"",""off"",""change""]",ed980111.1130.0089.tml,likely__69__75###out__15__18###off__35__38###change__79__85,4,,,,The lights are out and the heat is off and those vital signs are not likely to change much over the next several days for p- people in parts of the northeastern US and eastern Canada.,The lights are out and the heat is off and those vital signs are not likely to change much over the next several days for p - people in parts of the northeastern US and eastern Canada .,1,,38
1893181940,9/3/2018 17:22:00,4026692440,9/3/2018 17:21:28,false,prodege,1,11131207,CAN,ON,Ajax,99.231.237.220,,,"[""out"",""off""]",ed980111.1130.0089.tml,likely__69__75###out__15__18###off__35__38###change__79__85,4,,,,The lights are out and the heat is off and those vital signs are not likely to change much over the next several days for p- people in parts of the northeastern US and eastern Canada.,The lights are out and the heat is off and those vital signs are not likely to change much over the next several days for p - people in parts of the northeastern US and eastern Canada .,1,,38
1893181940,9/4/2018 08:52:56,4028556433,9/4/2018 08:52:40,false,prodege,1,15439740,AUS,2,Sydney,61.69.207.143,,,"[""signs""]",ed980111.1130.0089.tml,likely__69__75###out__15__18###off__35__38###change__79__85,4,,,,The lights are out and the heat is off and those vital signs are not likely to change much over the next several days for p- people in parts of the northeastern US and eastern Canada.,The lights are out and the heat is off and those vital signs are not likely to change much over the next several days for p - people in parts of the northeastern US and eastern Canada .,1,,38
1893181941,9/3/2018 23:13:25,4027569113,9/3/2018 23:13:12,false,instagc,1,29289135,CAN,QC,Saint-hubert,174.91.248.234,,,"[""approved duty-free treatment for imports""]",wsj_0026.tml,said__16__20###produced__122__130###approved__40__48###treatment__59__68,4,,,,"The White House said President Bush has approved duty-free treatment for imports of certain types of watches that are n't produced in ""significant quantities"" in the U.S., the Virgin Islands and other U.S. possessions.","The White House said President Bush has approved duty-free treatment for imports of certain types of watches that are n't produced in "" significant quantities "" in the U.S. , the Virgin Islands and other U.S. possessions . ",4,,38
1893181941,9/4/2018 11:45:46,4028780227,9/4/2018 11:44:58,false,prodege,1,38202325,USA,ME,Limestone,98.13.82.121,,,"[""approved"",""duty-free treatment"",""produced""]",wsj_0026.tml,said__16__20###produced__122__130###approved__40__48###treatment__59__68,4,,,,"The White House said President Bush has approved duty-free treatment for imports of certain types of watches that are n't produced in ""significant quantities"" in the U.S., the Virgin Islands and other U.S. possessions.","The White House said President Bush has approved duty-free treatment for imports of certain types of watches that are n't produced in "" significant quantities "" in the U.S. , the Virgin Islands and other U.S. possessions . ",4,,38
1893181941,9/4/2018 00:39:24,4027741100,9/4/2018 00:38:56,false,gifthunterclub,1,44453708,CAN,BC,Coquitlam,71.19.251.144,,,"[""approved"",""duty-free"",""treatment""]",wsj_0026.tml,said__16__20###produced__122__130###approved__40__48###treatment__59__68,4,,,,"The White House said President Bush has approved duty-free treatment for imports of certain types of watches that are n't produced in ""significant quantities"" in the U.S., the Virgin Islands and other U.S. possessions.","The White House said President Bush has approved duty-free treatment for imports of certain types of watches that are n't produced in "" significant quantities "" in the U.S. , the Virgin Islands and other U.S. possessions . ",4,,38
1893181941,9/4/2018 11:25:35,4028744575,9/4/2018 11:25:27,false,prodege,1,4316379,CAN,ON,Windsor,24.57.73.123,,,"[""approved"",""duty-free"",""treatment""]",wsj_0026.tml,said__16__20###produced__122__130###approved__40__48###treatment__59__68,4,,,,"The White House said President Bush has approved duty-free treatment for imports of certain types of watches that are n't produced in ""significant quantities"" in the U.S., the Virgin Islands and other U.S. possessions.","The White House said President Bush has approved duty-free treatment for imports of certain types of watches that are n't produced in "" significant quantities "" in the U.S. , the Virgin Islands and other U.S. possessions . ",4,,38
1893181941,9/4/2018 11:45:35,4028779665,9/4/2018 11:44:23,false,prodege,1,15965551,GBR,B4,Bradford,195.188.173.102,,,"[""approved"",""duty-free"",""treatment""]",wsj_0026.tml,said__16__20###produced__122__130###approved__40__48###treatment__59__68,4,,,,"The White House said President Bush has approved duty-free treatment for imports of certain types of watches that are n't produced in ""significant quantities"" in the U.S., the Virgin Islands and other U.S. possessions.","The White House said President Bush has approved duty-free treatment for imports of certain types of watches that are n't produced in "" significant quantities "" in the U.S. , the Virgin Islands and other U.S. possessions . ",4,,38
1893181941,9/4/2018 06:42:08,4028382063,9/4/2018 06:40:59,false,neodev,1,41746613,GBR,M2,Solihull,90.254.78.191,,,"[""approved"",""imports""]",wsj_0026.tml,said__16__20###produced__122__130###approved__40__48###treatment__59__68,4,,,,"The White House said President Bush has approved duty-free treatment for imports of certain types of watches that are n't produced in ""significant quantities"" in the U.S., the Virgin Islands and other U.S. possessions.","The White House said President Bush has approved duty-free treatment for imports of certain types of watches that are n't produced in "" significant quantities "" in the U.S. , the Virgin Islands and other U.S. possessions . ",4,,38
1893181941,9/4/2018 01:46:37,4027868710,9/4/2018 01:45:43,false,instagc,1,34534543,USA,NY,Staten Island,100.37.15.137,,,"[""approved"",""treatment"",""n't produced""]",wsj_0026.tml,said__16__20###produced__122__130###approved__40__48###treatment__59__68,4,,,,"The White House said President Bush has approved duty-free treatment for imports of certain types of watches that are n't produced in ""significant quantities"" in the U.S., the Virgin Islands and other U.S. possessions.","The White House said President Bush has approved duty-free treatment for imports of certain types of watches that are n't produced in "" significant quantities "" in the U.S. , the Virgin Islands and other U.S. possessions . ",4,,38
1893181941,9/3/2018 15:41:40,4026474880,9/3/2018 15:40:54,false,elite,1,39017656,CAN,BC,Kelowna,24.71.170.141,,,"[""approved"",""treatment"",""produced""]",wsj_0026.tml,said__16__20###produced__122__130###approved__40__48###treatment__59__68,4,,,,"The White House said President Bush has approved duty-free treatment for imports of certain types of watches that are n't produced in ""significant quantities"" in the U.S., the Virgin Islands and other U.S. possessions.","The White House said President Bush has approved duty-free treatment for imports of certain types of watches that are n't produced in "" significant quantities "" in the U.S. , the Virgin Islands and other U.S. possessions . ",4,,38
1893181941,9/4/2018 08:53:22,4028556926,9/4/2018 08:52:58,false,prodege,1,15439740,AUS,2,Sydney,61.69.207.143,,,"[""approved""]",wsj_0026.tml,said__16__20###produced__122__130###approved__40__48###treatment__59__68,4,,,,"The White House said President Bush has approved duty-free treatment for imports of certain types of watches that are n't produced in ""significant quantities"" in the U.S., the Virgin Islands and other U.S. possessions.","The White House said President Bush has approved duty-free treatment for imports of certain types of watches that are n't produced in "" significant quantities "" in the U.S. , the Virgin Islands and other U.S. possessions . ",4,,38
1893181941,9/4/2018 03:55:46,4028104910,9/4/2018 03:54:59,false,prodege,1,22716106,CAN,SK,Saskatoon,207.195.120.146,,,"[""has approved"",""imports"",""are n't produced""]",wsj_0026.tml,said__16__20###produced__122__130###approved__40__48###treatment__59__68,4,,,,"The White House said President Bush has approved duty-free treatment for imports of certain types of watches that are n't produced in ""significant quantities"" in the U.S., the Virgin Islands and other U.S. possessions.","The White House said President Bush has approved duty-free treatment for imports of certain types of watches that are n't produced in "" significant quantities "" in the U.S. , the Virgin Islands and other U.S. possessions . ",4,,38
1893181941,9/3/2018 20:23:30,4027163042,9/3/2018 20:23:13,false,prodege,1,18972023,GBR,C9,Carlisle,146.198.63.229,,,"[""President Bush has approved duty-free treatment for imports of certain types of watches""]",wsj_0026.tml,said__16__20###produced__122__130###approved__40__48###treatment__59__68,4,,,,"The White House said President Bush has approved duty-free treatment for imports of certain types of watches that are n't produced in ""significant quantities"" in the U.S., the Virgin Islands and other U.S. possessions.","The White House said President Bush has approved duty-free treatment for imports of certain types of watches that are n't produced in "" significant quantities "" in the U.S. , the Virgin Islands and other U.S. possessions . ",4,,38
1893181941,9/4/2018 04:20:40,4028152190,9/4/2018 04:20:27,false,neodev,1,11063039,GBR,I7,Newcastle Upon Tyne,92.5.194.18,,,"[""President"",""Bush"",""duty-free"",""significant"",""quantities"",""Virgin"",""Islands"",""U.S."",""U.S.""]",wsj_0026.tml,said__16__20###produced__122__130###approved__40__48###treatment__59__68,4,,,,"The White House said President Bush has approved duty-free treatment for imports of certain types of watches that are n't produced in ""significant quantities"" in the U.S., the Virgin Islands and other U.S. possessions.","The White House said President Bush has approved duty-free treatment for imports of certain types of watches that are n't produced in "" significant quantities "" in the U.S. , the Virgin Islands and other U.S. possessions . ",4,,38
1893181941,9/3/2018 21:13:21,4027305615,9/3/2018 21:12:53,false,neodev,1,44809353,USA,NJ,Jersey City,206.189.233.136,,,"[""produced""]",wsj_0026.tml,said__16__20###produced__122__130###approved__40__48###treatment__59__68,4,,,,"The White House said President Bush has approved duty-free treatment for imports of certain types of watches that are n't produced in ""significant quantities"" in the U.S., the Virgin Islands and other U.S. possessions.","The White House said President Bush has approved duty-free treatment for imports of certain types of watches that are n't produced in "" significant quantities "" in the U.S. , the Virgin Islands and other U.S. possessions . ",4,,38
1893181941,9/3/2018 22:23:34,4027469726,9/3/2018 22:22:58,false,fusioncash,1,41545007,USA,NV,Las Vegas,24.120.53.14,,,"[""said President Bush has approved duty-free""]",wsj_0026.tml,said__16__20###produced__122__130###approved__40__48###treatment__59__68,4,,,,"The White House said President Bush has approved duty-free treatment for imports of certain types of watches that are n't produced in ""significant quantities"" in the U.S., the Virgin Islands and other U.S. possessions.","The White House said President Bush has approved duty-free treatment for imports of certain types of watches that are n't produced in "" significant quantities "" in the U.S. , the Virgin Islands and other U.S. possessions . ",4,,38
1893181941,9/4/2018 06:29:54,4028359252,9/4/2018 06:29:24,false,instagc,1,30145358,CAN,QC,Jonquière,96.21.132.139,,,"[""said"",""approved"",""are"",""produced""]",wsj_0026.tml,said__16__20###produced__122__130###approved__40__48###treatment__59__68,4,,,,"The White House said President Bush has approved duty-free treatment for imports of certain types of watches that are n't produced in ""significant quantities"" in the U.S., the Virgin Islands and other U.S. possessions.","The White House said President Bush has approved duty-free treatment for imports of certain types of watches that are n't produced in "" significant quantities "" in the U.S. , the Virgin Islands and other U.S. possessions . ",4,,38
1893181941,9/3/2018 16:12:02,4026529498,9/3/2018 16:11:56,false,instagc,1,39127197,GBR,N9,Swindon,151.228.218.179,,,"[""said"",""approved"",""produced""]",wsj_0026.tml,said__16__20###produced__122__130###approved__40__48###treatment__59__68,4,,,,"The White House said President Bush has approved duty-free treatment for imports of certain types of watches that are n't produced in ""significant quantities"" in the U.S., the Virgin Islands and other U.S. possessions.","The White House said President Bush has approved duty-free treatment for imports of certain types of watches that are n't produced in "" significant quantities "" in the U.S. , the Virgin Islands and other U.S. possessions . ",4,,38
1893181941,9/3/2018 17:23:38,4026696272,9/3/2018 17:22:01,false,prodege,1,11131207,CAN,ON,Ajax,99.231.237.220,,,"[""said"",""approved""]",wsj_0026.tml,said__16__20###produced__122__130###approved__40__48###treatment__59__68,4,,,,"The White House said President Bush has approved duty-free treatment for imports of certain types of watches that are n't produced in ""significant quantities"" in the U.S., the Virgin Islands and other U.S. possessions.","The White House said President Bush has approved duty-free treatment for imports of certain types of watches that are n't produced in "" significant quantities "" in the U.S. , the Virgin Islands and other U.S. possessions . ",4,,38
1893181941,9/4/2018 08:19:52,4028517043,9/4/2018 08:19:42,false,prodege,1,15555970,GBR,C9,Workington,81.147.57.42,,,"[""said"",""has approved"",""produced""]",wsj_0026.tml,said__16__20###produced__122__130###approved__40__48###treatment__59__68,4,,,,"The White House said President Bush has approved duty-free treatment for imports of certain types of watches that are n't produced in ""significant quantities"" in the U.S., the Virgin Islands and other U.S. possessions.","The White House said President Bush has approved duty-free treatment for imports of certain types of watches that are n't produced in "" significant quantities "" in the U.S. , the Virgin Islands and other U.S. possessions . ",4,,38
1893181941,9/4/2018 07:03:36,4028413637,9/4/2018 07:03:25,false,prodege,1,27934334,GBR,,,86.187.162.233,,,"[""said"",""has approved""]",wsj_0026.tml,said__16__20###produced__122__130###approved__40__48###treatment__59__68,4,,,,"The White House said President Bush has approved duty-free treatment for imports of certain types of watches that are n't produced in ""significant quantities"" in the U.S., the Virgin Islands and other U.S. possessions.","The White House said President Bush has approved duty-free treatment for imports of certain types of watches that are n't produced in "" significant quantities "" in the U.S. , the Virgin Islands and other U.S. possessions . ",4,,38
1893181941,9/3/2018 19:26:50,4027003898,9/3/2018 19:26:36,false,elite,1,31883685,GBR,I2,Manchester,2.98.53.46,,,"[""said"",""imports"",""imports"",""produced""]",wsj_0026.tml,said__16__20###produced__122__130###approved__40__48###treatment__59__68,4,,,,"The White House said President Bush has approved duty-free treatment for imports of certain types of watches that are n't produced in ""significant quantities"" in the U.S., the Virgin Islands and other U.S. possessions.","The White House said President Bush has approved duty-free treatment for imports of certain types of watches that are n't produced in "" significant quantities "" in the U.S. , the Virgin Islands and other U.S. possessions . ",4,,38
1893181942,9/4/2018 06:35:29,4028370276,9/4/2018 06:35:00,false,instagc,1,30145358,CAN,QC,Jonquière,96.21.132.139,,,"[""'m""]",PRI19980213.2000.0313.tml,reporting__36__45,1,,,,"For NPR news, I'm Auncil Martinez reporting.","For NPR news , I 'm Auncil Martinez reporting . ",10,,10
1893181942,9/4/2018 21:05:56,4030386648,9/4/2018 21:05:23,false,elite,1,43912578,USA,IL,Aurora,68.235.36.114,,,"[""Auncil""]",PRI19980213.2000.0313.tml,reporting__36__45,1,,,,"For NPR news, I'm Auncil Martinez reporting.","For NPR news , I 'm Auncil Martinez reporting . ",10,,10
1893181942,9/4/2018 08:19:59,4028517224,9/4/2018 08:19:53,false,prodege,1,15555970,GBR,C9,Workington,81.147.57.42,,,"[""I 'm"",""reporting""]",PRI19980213.2000.0313.tml,reporting__36__45,1,,,,"For NPR news, I'm Auncil Martinez reporting.","For NPR news , I 'm Auncil Martinez reporting . ",10,,10
1893181942,9/4/2018 21:43:08,4030541946,9/4/2018 21:41:43,false,elite,1,43887010,USA,GA,Atlanta,104.129.18.225,,,"[""news""]",PRI19980213.2000.0313.tml,reporting__36__45,1,,,,"For NPR news, I'm Auncil Martinez reporting.","For NPR news , I 'm Auncil Martinez reporting . ",10,,10
1893181942,9/4/2018 04:20:47,4028152323,9/4/2018 04:20:41,false,neodev,1,11063039,GBR,I7,Newcastle Upon Tyne,92.5.194.18,,,"[""NPR"",""Auncil"",""Martinez""]",PRI19980213.2000.0313.tml,reporting__36__45,1,,,,"For NPR news, I'm Auncil Martinez reporting.","For NPR news , I 'm Auncil Martinez reporting . ",10,,10
1893181942,9/4/2018 03:56:07,4028105588,9/4/2018 03:55:47,false,prodege,1,22716106,CAN,SK,Saskatoon,207.195.120.146,,,"[""reporting""]",PRI19980213.2000.0313.tml,reporting__36__45,1,,,,"For NPR news, I'm Auncil Martinez reporting.","For NPR news , I 'm Auncil Martinez reporting . ",10,,10
1893181942,9/4/2018 06:43:20,4028383633,9/4/2018 06:42:09,false,neodev,1,41746613,GBR,M2,Solihull,90.254.78.191,,,"[""reporting""]",PRI19980213.2000.0313.tml,reporting__36__45,1,,,,"For NPR news, I'm Auncil Martinez reporting.","For NPR news , I 'm Auncil Martinez reporting . ",10,,10
1893181942,9/4/2018 08:53:39,4028557198,9/4/2018 08:53:24,false,prodege,1,15439740,AUS,2,Sydney,61.69.207.143,,,"[""reporting""]",PRI19980213.2000.0313.tml,reporting__36__45,1,,,,"For NPR news, I'm Auncil Martinez reporting.","For NPR news , I 'm Auncil Martinez reporting . ",10,,10
1893181942,9/4/2018 11:25:43,4028744832,9/4/2018 11:25:36,false,prodege,1,4316379,CAN,ON,Windsor,24.57.73.123,,,"[""reporting""]",PRI19980213.2000.0313.tml,reporting__36__45,1,,,,"For NPR news, I'm Auncil Martinez reporting.","For NPR news , I 'm Auncil Martinez reporting . ",10,,10
1893181942,9/4/2018 11:45:43,4028780113,9/4/2018 11:45:37,false,prodege,1,15965551,GBR,B4,Bradford,195.188.173.102,,,"[""reporting""]",PRI19980213.2000.0313.tml,reporting__36__45,1,,,,"For NPR news, I'm Auncil Martinez reporting.","For NPR news , I 'm Auncil Martinez reporting . ",10,,10
1893181942,9/4/2018 11:46:54,4028782431,9/4/2018 11:45:47,false,prodege,1,38202325,USA,ME,Limestone,98.13.82.121,,,"[""reporting""]",PRI19980213.2000.0313.tml,reporting__36__45,1,,,,"For NPR news, I'm Auncil Martinez reporting.","For NPR news , I 'm Auncil Martinez reporting . ",10,,10
1893181942,9/4/2018 13:28:39,4028984383,9/4/2018 13:28:21,false,prodege,1,39740855,CAN,ON,Richmond Hill,69.159.54.6,,,"[""reporting""]",PRI19980213.2000.0313.tml,reporting__36__45,1,,,,"For NPR news, I'm Auncil Martinez reporting.","For NPR news , I 'm Auncil Martinez reporting . ",10,,10
1893181942,9/4/2018 14:23:17,4029090625,9/4/2018 14:23:04,false,clixsense,1,28521374,USA,TX,Glen Rose,174.130.152.252,,,"[""reporting""]",PRI19980213.2000.0313.tml,reporting__36__45,1,,,,"For NPR news, I'm Auncil Martinez reporting.","For NPR news , I 'm Auncil Martinez reporting . ",10,,10
1893181942,9/4/2018 14:40:18,4029131952,9/4/2018 14:40:09,false,instagc,1,20312760,GBR,C5,Winsford,92.15.13.220,,,"[""reporting""]",PRI19980213.2000.0313.tml,reporting__36__45,1,,,,"For NPR news, I'm Auncil Martinez reporting.","For NPR news , I 'm Auncil Martinez reporting . ",10,,10
1893181942,9/4/2018 18:40:47,4029839803,9/4/2018 18:40:37,false,instagc,1,26024737,GBR,F6,Romford,92.7.135.74,,,"[""reporting""]",PRI19980213.2000.0313.tml,reporting__36__45,1,,,,"For NPR news, I'm Auncil Martinez reporting.","For NPR news , I 'm Auncil Martinez reporting . ",10,,10
1893181942,9/4/2018 21:04:44,4030381998,9/4/2018 21:04:31,false,elite,1,43812869,GBR,R3,Belfast,82.7.141.63,,,"[""reporting""]",PRI19980213.2000.0313.tml,reporting__36__45,1,,,,"For NPR news, I'm Auncil Martinez reporting.","For NPR news , I 'm Auncil Martinez reporting . ",10,,10
1893181942,9/4/2018 22:18:02,4030689278,9/4/2018 22:16:58,false,elite,1,43852630,USA,FL,Miami,38.132.120.85,,,"[""reporting""]",PRI19980213.2000.0313.tml,reporting__36__45,1,,,,"For NPR news, I'm Auncil Martinez reporting.","For NPR news , I 'm Auncil Martinez reporting . ",10,,10
1893181942,9/5/2018 03:46:53,4031522455,9/5/2018 03:46:43,false,prodege,1,5203616,USA,TX,Carrollton,47.184.21.41,,,"[""reporting""]",PRI19980213.2000.0313.tml,reporting__36__45,1,,,,"For NPR news, I'm Auncil Martinez reporting.","For NPR news , I 'm Auncil Martinez reporting . ",10,,10
1893181942,9/5/2018 04:48:52,4031614685,9/5/2018 04:48:27,false,superrewards,1,25958238,USA,MA,Roslindale,73.149.99.33,,,"[""reporting""]",PRI19980213.2000.0313.tml,reporting__36__45,1,,,,"For NPR news, I'm Auncil Martinez reporting.","For NPR news , I 'm Auncil Martinez reporting . ",10,,10
1893181942,9/5/2018 06:02:20,4031704634,9/5/2018 06:00:52,false,clixsense,1,6481150,AUS,8,Mosman Park,60.224.228.96,,,"[""reporting""]",PRI19980213.2000.0313.tml,reporting__36__45,1,,,,"For NPR news, I'm Auncil Martinez reporting.","For NPR news , I 'm Auncil Martinez reporting . ",10,,10
1893181943,9/4/2018 06:43:41,4028384100,9/4/2018 06:43:27,false,neodev,1,41746613,GBR,M2,Solihull,90.254.78.191,,,"[""gunfire""]",PRI19980306.2000.1675.tml,gunfire__11__18,1,,,,More heavy gunfire in the Serbian province of Kosovo.,More heavy gunfire in the Serbian province of Kosovo .,2,,10
1893181943,9/4/2018 08:53:47,4028557328,9/4/2018 08:53:41,false,prodege,1,15439740,AUS,2,Sydney,61.69.207.143,,,"[""gunfire""]",PRI19980306.2000.1675.tml,gunfire__11__18,1,,,,More heavy gunfire in the Serbian province of Kosovo.,More heavy gunfire in the Serbian province of Kosovo .,2,,10
1893181943,9/4/2018 11:47:50,4028784247,9/4/2018 11:46:55,false,prodege,1,38202325,USA,ME,Limestone,98.13.82.121,,,"[""gunfire""]",PRI19980306.2000.1675.tml,gunfire__11__18,1,,,,More heavy gunfire in the Serbian province of Kosovo.,More heavy gunfire in the Serbian province of Kosovo .,2,,10
1893181943,9/4/2018 14:23:49,4029091867,9/4/2018 14:23:18,false,clixsense,1,28521374,USA,TX,Glen Rose,174.130.152.252,,,"[""gunfire""]",PRI19980306.2000.1675.tml,gunfire__11__18,1,,,,More heavy gunfire in the Serbian province of Kosovo.,More heavy gunfire in the Serbian province of Kosovo .,2,,10
1893181943,9/4/2018 14:40:26,4029132276,9/4/2018 14:40:19,false,instagc,1,20312760,GBR,C5,Winsford,92.15.13.220,,,"[""gunfire""]",PRI19980306.2000.1675.tml,gunfire__11__18,1,,,,More heavy gunfire in the Serbian province of Kosovo.,More heavy gunfire in the Serbian province of Kosovo .,2,,10
1893181943,9/4/2018 21:05:04,4030383244,9/4/2018 21:04:45,false,elite,1,43812869,GBR,R3,Belfast,82.7.141.63,,,"[""gunfire""]",PRI19980306.2000.1675.tml,gunfire__11__18,1,,,,More heavy gunfire in the Serbian province of Kosovo.,More heavy gunfire in the Serbian province of Kosovo .,2,,10
1893181943,9/5/2018 03:47:00,4031522654,9/5/2018 03:46:53,false,prodege,1,5203616,USA,TX,Carrollton,47.184.21.41,,,"[""gunfire""]",PRI19980306.2000.1675.tml,gunfire__11__18,1,,,,More heavy gunfire in the Serbian province of Kosovo.,More heavy gunfire in the Serbian province of Kosovo .,2,,10
1893181943,9/5/2018 06:03:23,4031706359,9/5/2018 06:02:22,false,clixsense,1,6481150,AUS,8,Mosman Park,60.224.228.96,,,"[""gunfire""]",PRI19980306.2000.1675.tml,gunfire__11__18,1,,,,More heavy gunfire in the Serbian province of Kosovo.,More heavy gunfire in the Serbian province of Kosovo .,2,,10
1893181943,9/5/2018 16:33:34,4032683405,9/5/2018 16:31:57,false,neodev,1,31613324,USA,IL,Round Lake,73.9.55.112,,,"[""gunfire""]",PRI19980306.2000.1675.tml,gunfire__11__18,1,,,,More heavy gunfire in the Serbian province of Kosovo.,More heavy gunfire in the Serbian province of Kosovo .,2,,10
1893181943,9/4/2018 08:20:06,4028517346,9/4/2018 08:20:01,false,prodege,1,15555970,GBR,C9,Workington,81.147.57.42,,,"[""heavy gunfire""]",PRI19980306.2000.1675.tml,gunfire__11__18,1,,,,More heavy gunfire in the Serbian province of Kosovo.,More heavy gunfire in the Serbian province of Kosovo .,2,,10
1893181943,9/5/2018 04:49:17,4031615263,9/5/2018 04:48:53,false,superrewards,1,25958238,USA,MA,Roslindale,73.149.99.33,,,"[""heavy gunfire""]",PRI19980306.2000.1675.tml,gunfire__11__18,1,,,,More heavy gunfire in the Serbian province of Kosovo.,More heavy gunfire in the Serbian province of Kosovo .,2,,10
1893181943,9/4/2018 11:25:58,4028745333,9/4/2018 11:25:44,false,prodege,1,4316379,CAN,ON,Windsor,24.57.73.123,,,"[""heavy"",""gunfire""]",PRI19980306.2000.1675.tml,gunfire__11__18,1,,,,More heavy gunfire in the Serbian province of Kosovo.,More heavy gunfire in the Serbian province of Kosovo .,2,,10
1893181943,9/4/2018 11:45:49,4028780360,9/4/2018 11:45:45,false,prodege,1,15965551,GBR,B4,Bradford,195.188.173.102,,,"[""heavy"",""gunfire""]",PRI19980306.2000.1675.tml,gunfire__11__18,1,,,,More heavy gunfire in the Serbian province of Kosovo.,More heavy gunfire in the Serbian province of Kosovo .,2,,10
1893181943,9/4/2018 18:40:54,4029840107,9/4/2018 18:40:49,false,instagc,1,26024737,GBR,F6,Romford,92.7.135.74,,,"[""heavy"",""gunfire""]",PRI19980306.2000.1675.tml,gunfire__11__18,1,,,,More heavy gunfire in the Serbian province of Kosovo.,More heavy gunfire in the Serbian province of Kosovo .,2,,10
1893181943,9/5/2018 12:34:11,4032152447,9/5/2018 12:33:19,false,prizerebel,1,37400536,USA,MD,Baltimore,99.203.17.170,,,"[""heavy"",""gunfire""]",PRI19980306.2000.1675.tml,gunfire__11__18,1,,,,More heavy gunfire in the Serbian province of Kosovo.,More heavy gunfire in the Serbian province of Kosovo .,2,,10
1893181943,9/4/2018 13:29:18,4028985333,9/4/2018 13:28:40,false,prodege,1,39740855,CAN,ON,Richmond Hill,69.159.54.6,,,"[""heavy""]",PRI19980306.2000.1675.tml,gunfire__11__18,1,,,,More heavy gunfire in the Serbian province of Kosovo.,More heavy gunfire in the Serbian province of Kosovo .,2,,10
1893181943,9/4/2018 22:19:40,4030697105,9/4/2018 22:18:09,false,elite,1,43852630,USA,FL,Miami,38.132.120.85,,,"[""heavy""]",PRI19980306.2000.1675.tml,gunfire__11__18,1,,,,More heavy gunfire in the Serbian province of Kosovo.,More heavy gunfire in the Serbian province of Kosovo .,2,,10
1893181943,9/4/2018 21:07:13,4030391697,9/4/2018 21:06:00,false,elite,1,43912578,USA,IL,Aurora,68.235.36.114,,,"[""province""]",PRI19980306.2000.1675.tml,gunfire__11__18,1,,,,More heavy gunfire in the Serbian province of Kosovo.,More heavy gunfire in the Serbian province of Kosovo .,2,,10
1893181943,9/4/2018 21:44:10,4030545871,9/4/2018 21:43:18,false,elite,1,43887010,USA,GA,Atlanta,104.129.18.225,,,"[""province""]",PRI19980306.2000.1675.tml,gunfire__11__18,1,,,,More heavy gunfire in the Serbian province of Kosovo.,More heavy gunfire in the Serbian province of Kosovo .,2,,10
1893181943,9/4/2018 06:35:50,4028371053,9/4/2018 06:35:30,false,instagc,1,30145358,CAN,QC,Jonquière,96.21.132.139,,There are no verbs of actions or events,[NONE],PRI19980306.2000.1675.tml,gunfire__11__18,1,,,,More heavy gunfire in the Serbian province of Kosovo.,More heavy gunfire in the Serbian province of Kosovo .,2,,10
1893181944,9/4/2018 21:08:14,4030395715,9/4/2018 21:07:20,false,elite,1,43912578,USA,IL,Aurora,68.235.36.114,,,"[""himself""]",SJMN91-06338157.tml,said__10__14###met__37__40,2,,,,Officials said the president himself met with Sununu Sunday.,Officials said the president himself met with Sununu Sunday .,13,,10
1893181944,9/5/2018 12:34:37,4032152992,9/5/2018 12:34:12,false,prizerebel,1,37400536,USA,MD,Baltimore,99.203.17.170,,,"[""met"",""with"",""Sununu""]",SJMN91-06338157.tml,said__10__14###met__37__40,2,,,,Officials said the president himself met with Sununu Sunday.,Officials said the president himself met with Sununu Sunday .,13,,10
1893181944,9/4/2018 08:54:00,4028557632,9/4/2018 08:53:49,false,prodege,1,15439740,AUS,2,Sydney,61.69.207.143,,,"[""met""]",SJMN91-06338157.tml,said__10__14###met__37__40,2,,,,Officials said the president himself met with Sununu Sunday.,Officials said the president himself met with Sununu Sunday .,13,,10
1893181944,9/4/2018 11:45:55,4028780496,9/4/2018 11:45:51,false,prodege,1,15965551,GBR,B4,Bradford,195.188.173.102,,,"[""met""]",SJMN91-06338157.tml,said__10__14###met__37__40,2,,,,Officials said the president himself met with Sununu Sunday.,Officials said the president himself met with Sununu Sunday .,13,,10
1893181944,9/4/2018 18:41:15,4029841104,9/4/2018 18:40:56,false,instagc,1,26024737,GBR,F6,Romford,92.7.135.74,,,"[""met""]",SJMN91-06338157.tml,said__10__14###met__37__40,2,,,,Officials said the president himself met with Sununu Sunday.,Officials said the president himself met with Sununu Sunday .,13,,10
1893181944,9/5/2018 04:49:35,4031615668,9/5/2018 04:49:18,false,superrewards,1,25958238,USA,MA,Roslindale,73.149.99.33,,,"[""met""]",SJMN91-06338157.tml,said__10__14###met__37__40,2,,,,Officials said the president himself met with Sununu Sunday.,Officials said the president himself met with Sununu Sunday .,13,,10
1893181944,9/4/2018 11:26:06,4028745481,9/4/2018 11:25:59,false,prodege,1,4316379,CAN,ON,Windsor,24.57.73.123,,,"[""Officials"",""said"",""met"",""with"",""Sununu""]",SJMN91-06338157.tml,said__10__14###met__37__40,2,,,,Officials said the president himself met with Sununu Sunday.,Officials said the president himself met with Sununu Sunday .,13,,10
1893181944,9/4/2018 21:05:28,4030384641,9/4/2018 21:05:06,false,elite,1,43812869,GBR,R3,Belfast,82.7.141.63,,,"[""president himself met with Sununu""]",SJMN91-06338157.tml,said__10__14###met__37__40,2,,,,Officials said the president himself met with Sununu Sunday.,Officials said the president himself met with Sununu Sunday .,13,,10
1893181944,9/4/2018 21:45:21,4030550935,9/4/2018 21:44:19,false,elite,1,43887010,USA,GA,Atlanta,104.129.18.225,,,"[""president""]",SJMN91-06338157.tml,said__10__14###met__37__40,2,,,,Officials said the president himself met with Sununu Sunday.,Officials said the president himself met with Sununu Sunday .,13,,10
1893181944,9/4/2018 22:21:13,4030704668,9/4/2018 22:19:44,false,elite,1,43852630,USA,FL,Miami,38.132.120.85,,,"[""president""]",SJMN91-06338157.tml,said__10__14###met__37__40,2,,,,Officials said the president himself met with Sununu Sunday.,Officials said the president himself met with Sununu Sunday .,13,,10
1893181944,9/4/2018 11:48:30,4028785374,9/4/2018 11:47:51,false,prodege,1,38202325,USA,ME,Limestone,98.13.82.121,,,"[""said"",""met with Sununu""]",SJMN91-06338157.tml,said__10__14###met__37__40,2,,,,Officials said the president himself met with Sununu Sunday.,Officials said the president himself met with Sununu Sunday .,13,,10
1893181944,9/5/2018 03:47:12,4031523043,9/5/2018 03:47:01,false,prodege,1,5203616,USA,TX,Carrollton,47.184.21.41,,,"[""said"",""met"",""with"",""Sununu"",""Sunday""]",SJMN91-06338157.tml,said__10__14###met__37__40,2,,,,Officials said the president himself met with Sununu Sunday.,Officials said the president himself met with Sununu Sunday .,13,,10
1893181944,9/4/2018 06:38:46,4028376997,9/4/2018 06:35:51,false,instagc,1,30145358,CAN,QC,Jonquière,96.21.132.139,,,"[""said"",""met""]",SJMN91-06338157.tml,said__10__14###met__37__40,2,,,,Officials said the president himself met with Sununu Sunday.,Officials said the president himself met with Sununu Sunday .,13,,10
1893181944,9/4/2018 06:43:57,4028384415,9/4/2018 06:43:43,false,neodev,1,41746613,GBR,M2,Solihull,90.254.78.191,,,"[""said"",""met""]",SJMN91-06338157.tml,said__10__14###met__37__40,2,,,,Officials said the president himself met with Sununu Sunday.,Officials said the president himself met with Sununu Sunday .,13,,10
1893181944,9/4/2018 14:23:58,4029092169,9/4/2018 14:23:50,false,clixsense,1,28521374,USA,TX,Glen Rose,174.130.152.252,,,"[""said"",""met""]",SJMN91-06338157.tml,said__10__14###met__37__40,2,,,,Officials said the president himself met with Sununu Sunday.,Officials said the president himself met with Sununu Sunday .,13,,10
1893181944,9/4/2018 14:40:33,4029132574,9/4/2018 14:40:28,false,instagc,1,20312760,GBR,C5,Winsford,92.15.13.220,,,"[""said"",""met""]",SJMN91-06338157.tml,said__10__14###met__37__40,2,,,,Officials said the president himself met with Sununu Sunday.,Officials said the president himself met with Sununu Sunday .,13,,10
1893181944,9/5/2018 06:06:13,4031710138,9/5/2018 06:03:26,false,clixsense,1,6481150,AUS,8,Mosman Park,60.224.228.96,,,"[""said"",""met""]",SJMN91-06338157.tml,said__10__14###met__37__40,2,,,,Officials said the president himself met with Sununu Sunday.,Officials said the president himself met with Sununu Sunday .,13,,10
1893181944,9/5/2018 16:33:56,4032684052,9/5/2018 16:33:35,false,neodev,1,31613324,USA,IL,Round Lake,73.9.55.112,,,"[""said"",""met""]",SJMN91-06338157.tml,said__10__14###met__37__40,2,,,,Officials said the president himself met with Sununu Sunday.,Officials said the president himself met with Sununu Sunday .,13,,10
1893181944,9/4/2018 08:20:11,4028517442,9/4/2018 08:20:07,false,prodege,1,15555970,GBR,C9,Workington,81.147.57.42,,,"[""said""]",SJMN91-06338157.tml,said__10__14###met__37__40,2,,,,Officials said the president himself met with Sununu Sunday.,Officials said the president himself met with Sununu Sunday .,13,,10
1893181944,9/4/2018 13:29:37,4028985992,9/4/2018 13:29:19,false,prodege,1,39740855,CAN,ON,Richmond Hill,69.159.54.6,,none of these apply,[NONE],SJMN91-06338157.tml,said__10__14###met__37__40,2,,,,Officials said the president himself met with Sununu Sunday.,Officials said the president himself met with Sununu Sunday .,13,,10
1893181945,9/4/2018 11:26:13,4028745654,9/4/2018 11:26:07,false,prodege,1,4316379,CAN,ON,Windsor,24.57.73.123,,,"[""become"",""sole"",""support""]",VOA19980305.1800.2603.tml,become__11__17###support__27__34,2,,,,Women have become the sole support of their families.,Women have become the sole support of their families .,14,,10
1893181945,9/5/2018 12:34:52,4032153278,9/5/2018 12:34:39,false,prizerebel,1,37400536,USA,MD,Baltimore,99.203.17.170,,,"[""become"",""sole"",""support""]",VOA19980305.1800.2603.tml,become__11__17###support__27__34,2,,,,Women have become the sole support of their families.,Women have become the sole support of their families .,14,,10
1893181945,9/4/2018 08:54:11,4028557778,9/4/2018 08:54:02,false,prodege,1,15439740,AUS,2,Sydney,61.69.207.143,,,"[""become"",""support""]",VOA19980305.1800.2603.tml,become__11__17###support__27__34,2,,,,Women have become the sole support of their families.,Women have become the sole support of their families .,14,,10
1893181945,9/5/2018 03:47:20,4031523236,9/5/2018 03:47:13,false,prodege,1,5203616,USA,TX,Carrollton,47.184.21.41,,,"[""become"",""support""]",VOA19980305.1800.2603.tml,become__11__17###support__27__34,2,,,,Women have become the sole support of their families.,Women have become the sole support of their families .,14,,10
1893181945,9/5/2018 06:07:26,4031711406,9/5/2018 06:06:15,false,clixsense,1,6481150,AUS,8,Mosman Park,60.224.228.96,,,"[""become"",""support""]",VOA19980305.1800.2603.tml,become__11__17###support__27__34,2,,,,Women have become the sole support of their families.,Women have become the sole support of their families .,14,,10
1893181945,9/4/2018 06:40:21,4028379419,9/4/2018 06:38:47,false,instagc,1,30145358,CAN,QC,Jonquière,96.21.132.139,,,"[""become""]",VOA19980305.1800.2603.tml,become__11__17###support__27__34,2,,,,Women have become the sole support of their families.,Women have become the sole support of their families .,14,,10
1893181945,9/4/2018 06:44:21,4028384963,9/4/2018 06:43:58,false,neodev,1,41746613,GBR,M2,Solihull,90.254.78.191,,,"[""become""]",VOA19980305.1800.2603.tml,become__11__17###support__27__34,2,,,,Women have become the sole support of their families.,Women have become the sole support of their families .,14,,10
1893181945,9/4/2018 14:40:42,4029132977,9/4/2018 14:40:34,false,instagc,1,20312760,GBR,C5,Winsford,92.15.13.220,,,"[""become""]",VOA19980305.1800.2603.tml,become__11__17###support__27__34,2,,,,Women have become the sole support of their families.,Women have become the sole support of their families .,14,,10
1893181945,9/5/2018 16:36:45,4032690076,9/5/2018 16:33:57,false,neodev,1,31613324,USA,IL,Round Lake,73.9.55.112,,,"[""become""]",VOA19980305.1800.2603.tml,become__11__17###support__27__34,2,,,,Women have become the sole support of their families.,Women have become the sole support of their families .,14,,10
1893181945,9/5/2018 04:49:59,4031616233,9/5/2018 04:49:36,false,superrewards,1,25958238,USA,MA,Roslindale,73.149.99.33,,,"[""have become the sole support""]",VOA19980305.1800.2603.tml,become__11__17###support__27__34,2,,,,Women have become the sole support of their families.,Women have become the sole support of their families .,14,,10
1893181945,9/6/2018 07:59:21,4035413184,9/6/2018 07:58:52,false,clixsense,1,6367365,USA,LA,Monroe,144.163.193.8,,,"[""have become"",""support""]",VOA19980305.1800.2603.tml,become__11__17###support__27__34,2,,,,Women have become the sole support of their families.,Women have become the sole support of their families .,14,,10
1893181945,9/4/2018 11:49:32,4028787290,9/4/2018 11:48:31,false,prodege,1,38202325,USA,ME,Limestone,98.13.82.121,,,"[""sole support""]",VOA19980305.1800.2603.tml,become__11__17###support__27__34,2,,,,Women have become the sole support of their families.,Women have become the sole support of their families .,14,,10
1893181945,9/6/2018 12:33:07,4035771727,9/6/2018 12:32:54,false,prodege,1,40421145,GBR,F8,Saint Albans,82.24.186.246,,,"[""sole support""]",VOA19980305.1800.2603.tml,become__11__17###support__27__34,2,,,,Women have become the sole support of their families.,Women have become the sole support of their families .,14,,10
1893181945,9/4/2018 18:41:29,4029841834,9/4/2018 18:41:17,false,instagc,1,26024737,GBR,F6,Romford,92.7.135.74,,,"[""sole"",""support""]",VOA19980305.1800.2603.tml,become__11__17###support__27__34,2,,,,Women have become the sole support of their families.,Women have become the sole support of their families .,14,,10
1893181945,9/4/2018 14:24:32,4029093555,9/4/2018 14:23:59,false,clixsense,1,28521374,USA,TX,Glen Rose,174.130.152.252,,,"[""support""]",VOA19980305.1800.2603.tml,become__11__17###support__27__34,2,,,,Women have become the sole support of their families.,Women have become the sole support of their families .,14,,10
1893181945,9/4/2018 21:08:58,4030398809,9/4/2018 21:08:18,false,elite,1,43912578,USA,IL,Aurora,68.235.36.114,,,"[""support""]",VOA19980305.1800.2603.tml,become__11__17###support__27__34,2,,,,Women have become the sole support of their families.,Women have become the sole support of their families .,14,,10
1893181945,9/4/2018 21:46:02,4030553812,9/4/2018 21:45:26,false,elite,1,43887010,USA,GA,Atlanta,104.129.18.225,,,"[""support""]",VOA19980305.1800.2603.tml,become__11__17###support__27__34,2,,,,Women have become the sole support of their families.,Women have become the sole support of their families .,14,,10
1893181945,9/4/2018 22:23:22,4030715212,9/4/2018 22:21:16,false,elite,1,43852630,USA,FL,Miami,38.132.120.85,,,"[""support""]",VOA19980305.1800.2603.tml,become__11__17###support__27__34,2,,,,Women have become the sole support of their families.,Women have become the sole support of their families .,14,,10
1893181945,9/5/2018 17:26:47,4032835163,9/5/2018 17:26:11,false,neodev,1,44810589,USA,NY,New York,104.131.176.234,,Las mujeres se han convertido en el único apoyo de sus familia,[NONE],VOA19980305.1800.2603.tml,become__11__17###support__27__34,2,,,,Women have become the sole support of their families.,Women have become the sole support of their families .,14,,10
1893181945,9/4/2018 13:30:00,4028986739,9/4/2018 13:29:38,false,prodege,1,39740855,CAN,ON,Richmond Hill,69.159.54.6,,none apply,[NONE],VOA19980305.1800.2603.tml,become__11__17###support__27__34,2,,,,Women have become the sole support of their families.,Women have become the sole support of their families .,14,,10
1893181946,9/6/2018 12:33:16,4035771936,9/6/2018 12:33:09,false,prodege,1,40421145,GBR,F8,Saint Albans,82.24.186.246,,,"[""forbidden them to work""]",VOA19980305.1800.2603.tml,forbidden__23__32###work__41__45,2,,,,"Yet, the Taliban have forbidden them to work.","Yet , the Taliban have forbidden them to work . ",15,,10
1893181946,9/5/2018 12:35:21,4032153955,9/5/2018 12:34:53,false,prizerebel,1,37400536,USA,MD,Baltimore,99.203.17.170,,,"[""forbidden"",""them"",""to"",""work""]",VOA19980305.1800.2603.tml,forbidden__23__32###work__41__45,2,,,,"Yet, the Taliban have forbidden them to work.","Yet , the Taliban have forbidden them to work . ",15,,10
1893181946,9/5/2018 03:47:26,4031523382,9/5/2018 03:47:21,false,prodege,1,5203616,USA,TX,Carrollton,47.184.21.41,,,"[""forbidden"",""work""]",VOA19980305.1800.2603.tml,forbidden__23__32###work__41__45,2,,,,"Yet, the Taliban have forbidden them to work.","Yet , the Taliban have forbidden them to work . ",15,,10
1893181946,9/5/2018 06:10:03,4031714299,9/5/2018 06:07:28,false,clixsense,1,6481150,AUS,8,Mosman Park,60.224.228.96,,,"[""forbidden"",""work""]",VOA19980305.1800.2603.tml,forbidden__23__32###work__41__45,2,,,,"Yet, the Taliban have forbidden them to work.","Yet , the Taliban have forbidden them to work . ",15,,10
1893181946,9/5/2018 16:37:17,4032691313,9/5/2018 16:36:46,false,neodev,1,31613324,USA,IL,Round Lake,73.9.55.112,,,"[""forbidden"",""work""]",VOA19980305.1800.2603.tml,forbidden__23__32###work__41__45,2,,,,"Yet, the Taliban have forbidden them to work.","Yet , the Taliban have forbidden them to work . ",15,,10
1893181946,9/7/2018 06:50:00,4038645272,9/7/2018 06:49:38,false,clixsense,1,6352345,GBR,H8,Liverpool,77.96.145.121,,,"[""forbidden"",""work""]",VOA19980305.1800.2603.tml,forbidden__23__32###work__41__45,2,,,,"Yet, the Taliban have forbidden them to work.","Yet , the Taliban have forbidden them to work . ",15,,10
1893181946,9/4/2018 06:44:31,4028385172,9/4/2018 06:44:22,false,neodev,1,41746613,GBR,M2,Solihull,90.254.78.191,,,"[""forbidden""]",VOA19980305.1800.2603.tml,forbidden__23__32###work__41__45,2,,,,"Yet, the Taliban have forbidden them to work.","Yet , the Taliban have forbidden them to work . ",15,,10
1893181946,9/4/2018 08:54:23,4028558032,9/4/2018 08:54:18,false,prodege,1,15439740,AUS,2,Sydney,61.69.207.143,,,"[""forbidden""]",VOA19980305.1800.2603.tml,forbidden__23__32###work__41__45,2,,,,"Yet, the Taliban have forbidden them to work.","Yet , the Taliban have forbidden them to work . ",15,,10
1893181946,9/4/2018 11:26:18,4028745715,9/4/2018 11:26:14,false,prodege,1,4316379,CAN,ON,Windsor,24.57.73.123,,,"[""forbidden""]",VOA19980305.1800.2603.tml,forbidden__23__32###work__41__45,2,,,,"Yet, the Taliban have forbidden them to work.","Yet , the Taliban have forbidden them to work . ",15,,10
1893181946,9/4/2018 11:50:32,4028789504,9/4/2018 11:49:33,false,prodege,1,38202325,USA,ME,Limestone,98.13.82.121,,,"[""forbidden""]",VOA19980305.1800.2603.tml,forbidden__23__32###work__41__45,2,,,,"Yet, the Taliban have forbidden them to work.","Yet , the Taliban have forbidden them to work . ",15,,10
1893181946,9/4/2018 14:25:08,4029094890,9/4/2018 14:24:33,false,clixsense,1,28521374,USA,TX,Glen Rose,174.130.152.252,,,"[""forbidden""]",VOA19980305.1800.2603.tml,forbidden__23__32###work__41__45,2,,,,"Yet, the Taliban have forbidden them to work.","Yet , the Taliban have forbidden them to work . ",15,,10
1893181946,9/4/2018 14:40:47,4029133226,9/4/2018 14:40:43,false,instagc,1,20312760,GBR,C5,Winsford,92.15.13.220,,,"[""forbidden""]",VOA19980305.1800.2603.tml,forbidden__23__32###work__41__45,2,,,,"Yet, the Taliban have forbidden them to work.","Yet , the Taliban have forbidden them to work . ",15,,10
1893181946,9/4/2018 21:46:57,4030557590,9/4/2018 21:46:14,false,elite,1,43887010,USA,GA,Atlanta,104.129.18.225,,,"[""forbidden""]",VOA19980305.1800.2603.tml,forbidden__23__32###work__41__45,2,,,,"Yet, the Taliban have forbidden them to work.","Yet , the Taliban have forbidden them to work . ",15,,10
1893181946,9/4/2018 22:25:05,4030723683,9/4/2018 22:23:27,false,elite,1,43852630,USA,FL,Miami,38.132.120.85,,,"[""forbidden""]",VOA19980305.1800.2603.tml,forbidden__23__32###work__41__45,2,,,,"Yet, the Taliban have forbidden them to work.","Yet , the Taliban have forbidden them to work . ",15,,10
1893181946,9/5/2018 04:50:16,4031616689,9/5/2018 04:50:00,false,superrewards,1,25958238,USA,MA,Roslindale,73.149.99.33,,,"[""have forbidden"",""work""]",VOA19980305.1800.2603.tml,forbidden__23__32###work__41__45,2,,,,"Yet, the Taliban have forbidden them to work.","Yet , the Taliban have forbidden them to work . ",15,,10
1893181946,9/6/2018 07:59:45,4035413733,9/6/2018 07:59:22,false,clixsense,1,6367365,USA,LA,Monroe,144.163.193.8,,,"[""have forbidden""]",VOA19980305.1800.2603.tml,forbidden__23__32###work__41__45,2,,,,"Yet, the Taliban have forbidden them to work.","Yet , the Taliban have forbidden them to work . ",15,,10
1893181946,9/4/2018 18:41:39,4029842428,9/4/2018 18:41:31,false,instagc,1,26024737,GBR,F6,Romford,92.7.135.74,,,"[""have"",""forbidden"",""them""]",VOA19980305.1800.2603.tml,forbidden__23__32###work__41__45,2,,,,"Yet, the Taliban have forbidden them to work.","Yet , the Taliban have forbidden them to work . ",15,,10
1893181946,9/5/2018 17:27:16,4032836307,9/5/2018 17:26:58,false,neodev,1,44810589,USA,NY,New York,104.131.176.234,,,"[""have"",""have"",""have"",""have""]",VOA19980305.1800.2603.tml,forbidden__23__32###work__41__45,2,,,,"Yet, the Taliban have forbidden them to work.","Yet , the Taliban have forbidden them to work . ",15,,10
1893181946,9/4/2018 21:09:37,4030401503,9/4/2018 21:09:03,false,elite,1,43912578,USA,IL,Aurora,68.235.36.114,,,"[""them""]",VOA19980305.1800.2603.tml,forbidden__23__32###work__41__45,2,,,,"Yet, the Taliban have forbidden them to work.","Yet , the Taliban have forbidden them to work . ",15,,10
1893181946,9/4/2018 13:30:17,4028987337,9/4/2018 13:30:01,false,prodege,1,39740855,CAN,ON,Richmond Hill,69.159.54.6,,none apply,[NONE],VOA19980305.1800.2603.tml,forbidden__23__32###work__41__45,2,,,,"Yet, the Taliban have forbidden them to work.","Yet , the Taliban have forbidden them to work . ",15,,10
1893181947,9/5/2018 12:35:41,4032154392,9/5/2018 12:35:23,false,prizerebel,1,37400536,USA,MD,Baltimore,99.203.17.170,,,"[""president"",""responded""]",WSJ900813-0157.tml,responded__14__23,1,,,,"The president responded, ""Everything, everything.""","The president responded , "" Everything , everything . "" ",14,,10
1893181947,9/4/2018 21:48:44,4030564968,9/4/2018 21:47:06,false,elite,1,43887010,USA,GA,Atlanta,104.129.18.225,,,"[""president""]",WSJ900813-0157.tml,responded__14__23,1,,,,"The president responded, ""Everything, everything.""","The president responded , "" Everything , everything . "" ",14,,10
1893181947,9/4/2018 22:26:08,4030729086,9/4/2018 22:25:16,false,elite,1,43852630,USA,FL,Miami,38.132.120.85,,,"[""president""]",WSJ900813-0157.tml,responded__14__23,1,,,,"The president responded, ""Everything, everything.""","The president responded , "" Everything , everything . "" ",14,,10
1893181947,9/4/2018 06:44:49,4028385637,9/4/2018 06:44:34,false,neodev,1,41746613,GBR,M2,Solihull,90.254.78.191,,,"[""responded""]",WSJ900813-0157.tml,responded__14__23,1,,,,"The president responded, ""Everything, everything.""","The president responded , "" Everything , everything . "" ",14,,10
1893181947,9/4/2018 08:54:31,4028558103,9/4/2018 08:54:25,false,prodege,1,15439740,AUS,2,Sydney,61.69.207.143,,,"[""responded""]",WSJ900813-0157.tml,responded__14__23,1,,,,"The president responded, ""Everything, everything.""","The president responded , "" Everything , everything . "" ",14,,10
1893181947,9/4/2018 11:51:34,4028791431,9/4/2018 11:50:33,false,prodege,1,38202325,USA,ME,Limestone,98.13.82.121,,,"[""responded""]",WSJ900813-0157.tml,responded__14__23,1,,,,"The president responded, ""Everything, everything.""","The president responded , "" Everything , everything . "" ",14,,10
1893181947,9/4/2018 14:25:44,4029096242,9/4/2018 14:25:09,false,clixsense,1,28521374,USA,TX,Glen Rose,174.130.152.252,,,"[""responded""]",WSJ900813-0157.tml,responded__14__23,1,,,,"The president responded, ""Everything, everything.""","The president responded , "" Everything , everything . "" ",14,,10
1893181947,9/4/2018 18:41:46,4029842735,9/4/2018 18:41:40,false,instagc,1,26024737,GBR,F6,Romford,92.7.135.74,,,"[""responded""]",WSJ900813-0157.tml,responded__14__23,1,,,,"The president responded, ""Everything, everything.""","The president responded , "" Everything , everything . "" ",14,,10
1893181947,9/4/2018 21:11:45,4030410205,9/4/2018 21:09:47,false,elite,1,43912578,USA,IL,Aurora,68.235.36.114,,,"[""responded""]",WSJ900813-0157.tml,responded__14__23,1,,,,"The president responded, ""Everything, everything.""","The president responded , "" Everything , everything . "" ",14,,10
1893181947,9/5/2018 04:50:29,4031617006,9/5/2018 04:50:17,false,superrewards,1,25958238,USA,MA,Roslindale,73.149.99.33,,,"[""responded""]",WSJ900813-0157.tml,responded__14__23,1,,,,"The president responded, ""Everything, everything.""","The president responded , "" Everything , everything . "" ",14,,10
1893181947,9/5/2018 06:12:50,4031717384,9/5/2018 06:10:05,false,clixsense,1,6481150,AUS,8,Mosman Park,60.224.228.96,,,"[""responded""]",WSJ900813-0157.tml,responded__14__23,1,,,,"The president responded, ""Everything, everything.""","The president responded , "" Everything , everything . "" ",14,,10
1893181947,9/5/2018 16:48:22,4032725594,9/5/2018 16:48:10,false,neodev,1,31613324,USA,IL,Round Lake,73.9.55.112,,,"[""responded""]",WSJ900813-0157.tml,responded__14__23,1,,,,"The president responded, ""Everything, everything.""","The president responded , "" Everything , everything . "" ",14,,10
1893181947,9/5/2018 17:27:46,4032837350,9/5/2018 17:27:20,false,neodev,1,44810589,USA,NY,New York,104.131.176.234,,,"[""responded""]",WSJ900813-0157.tml,responded__14__23,1,,,,"The president responded, ""Everything, everything.""","The president responded , "" Everything , everything . "" ",14,,10
1893181947,9/6/2018 07:59:54,4035413931,9/6/2018 07:59:46,false,clixsense,1,6367365,USA,LA,Monroe,144.163.193.8,,,"[""responded""]",WSJ900813-0157.tml,responded__14__23,1,,,,"The president responded, ""Everything, everything.""","The president responded , "" Everything , everything . "" ",14,,10
1893181947,9/6/2018 12:33:22,4035771999,9/6/2018 12:33:18,false,prodege,1,40421145,GBR,F8,Saint Albans,82.24.186.246,,,"[""responded""]",WSJ900813-0157.tml,responded__14__23,1,,,,"The president responded, ""Everything, everything.""","The president responded , "" Everything , everything . "" ",14,,10
1893181947,9/7/2018 06:50:09,4038645658,9/7/2018 06:50:01,false,clixsense,1,6352345,GBR,H8,Liverpool,77.96.145.121,,,"[""responded""]",WSJ900813-0157.tml,responded__14__23,1,,,,"The president responded, ""Everything, everything.""","The president responded , "" Everything , everything . "" ",14,,10
1893181947,9/7/2018 07:09:16,4038680271,9/7/2018 07:08:33,false,elite,1,44242038,USA,FL,Port Saint Lucie,73.0.27.74,,,"[""responded""]",WSJ900813-0157.tml,responded__14__23,1,,,,"The president responded, ""Everything, everything.""","The president responded , "" Everything , everything . "" ",14,,10
1893181947,9/7/2018 19:32:01,4040105760,9/7/2018 19:31:30,false,instagc,1,15176395,USA,IN,Indianapolis,50.195.163.121,,,"[""responded""]",WSJ900813-0157.tml,responded__14__23,1,,,,"The president responded, ""Everything, everything.""","The president responded , "" Everything , everything . "" ",14,,10
1893181947,9/7/2018 20:04:41,4040195016,9/7/2018 20:02:06,false,instagc,1,23287154,USA,CA,Napa,73.252.177.127,,,"[""responded""]",WSJ900813-0157.tml,responded__14__23,1,,,,"The president responded, ""Everything, everything.""","The president responded , "" Everything , everything . "" ",14,,10
1893181947,9/4/2018 13:30:29,4028987638,9/4/2018 13:30:17,false,prodege,1,39740855,CAN,ON,Richmond Hill,69.159.54.6,,none apply,[NONE],WSJ900813-0157.tml,responded__14__23,1,,,,"The president responded, ""Everything, everything.""","The president responded , "" Everything , everything . "" ",14,,10
1893181948,9/6/2018 08:00:21,4035414529,9/6/2018 07:59:55,false,clixsense,1,6367365,USA,LA,Monroe,144.163.193.8,,,"[""continues to maintain"",""grip""]",ed980111.1130.0089.tml,grip__47__51###maintain__34__42###continues__21__30,3,,,,A powerful ice storm continues to maintain its grip.,A powerful ice storm continues to maintain its grip .,2,,10
1893181948,9/4/2018 21:12:53,4030415106,9/4/2018 21:11:50,false,elite,1,43912578,USA,IL,Aurora,68.235.36.114,,,"[""continues""]",ed980111.1130.0089.tml,grip__47__51###maintain__34__42###continues__21__30,3,,,,A powerful ice storm continues to maintain its grip.,A powerful ice storm continues to maintain its grip .,2,,10
1893181948,9/5/2018 16:48:27,4032725893,9/5/2018 16:48:22,false,neodev,1,31613324,USA,IL,Round Lake,73.9.55.112,,,"[""continues""]",ed980111.1130.0089.tml,grip__47__51###maintain__34__42###continues__21__30,3,,,,A powerful ice storm continues to maintain its grip.,A powerful ice storm continues to maintain its grip .,2,,10
1893181948,9/5/2018 04:50:55,4031617620,9/5/2018 04:50:30,false,superrewards,1,25958238,USA,MA,Roslindale,73.149.99.33,,,"[""ice storm"",""continues to maintain"",""grip .""]",ed980111.1130.0089.tml,grip__47__51###maintain__34__42###continues__21__30,3,,,,A powerful ice storm continues to maintain its grip.,A powerful ice storm continues to maintain its grip .,2,,10
1893181948,9/5/2018 06:15:24,4031720237,9/5/2018 06:12:52,false,clixsense,1,6481150,AUS,8,Mosman Park,60.224.228.96,,,"[""ice storm"",""continues"",""maintain"",""grip""]",ed980111.1130.0089.tml,grip__47__51###maintain__34__42###continues__21__30,3,,,,A powerful ice storm continues to maintain its grip.,A powerful ice storm continues to maintain its grip .,2,,10
1893181948,9/4/2018 11:52:32,4028793269,9/4/2018 11:51:35,false,prodege,1,38202325,USA,ME,Limestone,98.13.82.121,,,"[""ice storm"",""maintain""]",ed980111.1130.0089.tml,grip__47__51###maintain__34__42###continues__21__30,3,,,,A powerful ice storm continues to maintain its grip.,A powerful ice storm continues to maintain its grip .,2,,10
1893181948,9/4/2018 18:42:12,4029843900,9/4/2018 18:41:47,false,instagc,1,26024737,GBR,F6,Romford,92.7.135.74,,,"[""ice"",""storm"",""maintain its grip""]",ed980111.1130.0089.tml,grip__47__51###maintain__34__42###continues__21__30,3,,,,A powerful ice storm continues to maintain its grip.,A powerful ice storm continues to maintain its grip .,2,,10
1893181948,9/4/2018 08:54:42,4028558416,9/4/2018 08:54:32,false,prodege,1,15439740,AUS,2,Sydney,61.69.207.143,,,"[""ice"",""storm""]",ed980111.1130.0089.tml,grip__47__51###maintain__34__42###continues__21__30,3,,,,A powerful ice storm continues to maintain its grip.,A powerful ice storm continues to maintain its grip .,2,,10
1893181948,9/4/2018 21:49:47,4030569092,9/4/2018 21:48:49,false,elite,1,43887010,USA,GA,Atlanta,104.129.18.225,,,"[""ice""]",ed980111.1130.0089.tml,grip__47__51###maintain__34__42###continues__21__30,3,,,,A powerful ice storm continues to maintain its grip.,A powerful ice storm continues to maintain its grip .,2,,10
1893181948,9/4/2018 13:31:07,4028989060,9/4/2018 13:30:30,false,prodege,1,39740855,CAN,ON,Richmond Hill,69.159.54.6,,,"[""maintain""]",ed980111.1130.0089.tml,grip__47__51###maintain__34__42###continues__21__30,3,,,,A powerful ice storm continues to maintain its grip.,A powerful ice storm continues to maintain its grip .,2,,10
1893181948,9/5/2018 12:36:03,4032154875,9/5/2018 12:35:42,false,prizerebel,1,37400536,USA,MD,Baltimore,99.203.17.170,,,"[""powerful"",""ice"",""storm""]",ed980111.1130.0089.tml,grip__47__51###maintain__34__42###continues__21__30,3,,,,A powerful ice storm continues to maintain its grip.,A powerful ice storm continues to maintain its grip .,2,,10
1893181948,9/7/2018 19:32:21,4040107205,9/7/2018 19:32:02,false,instagc,1,15176395,USA,IN,Indianapolis,50.195.163.121,,,"[""powerful""]",ed980111.1130.0089.tml,grip__47__51###maintain__34__42###continues__21__30,3,,,,A powerful ice storm continues to maintain its grip.,A powerful ice storm continues to maintain its grip .,2,,10
1893181948,9/7/2018 20:05:19,4040196495,9/7/2018 20:04:43,false,instagc,1,23287154,USA,CA,Napa,73.252.177.127,,,"[""storm"",""continues"",""maintain"",""grip""]",ed980111.1130.0089.tml,grip__47__51###maintain__34__42###continues__21__30,3,,,,A powerful ice storm continues to maintain its grip.,A powerful ice storm continues to maintain its grip .,2,,10
1893181948,9/4/2018 14:26:26,4029098148,9/4/2018 14:25:45,false,clixsense,1,28521374,USA,TX,Glen Rose,174.130.152.252,,,"[""storm"",""grip""]",ed980111.1130.0089.tml,grip__47__51###maintain__34__42###continues__21__30,3,,,,A powerful ice storm continues to maintain its grip.,A powerful ice storm continues to maintain its grip .,2,,10
1893181948,9/7/2018 06:50:29,4038646376,9/7/2018 06:50:10,false,clixsense,1,6352345,GBR,H8,Liverpool,77.96.145.121,,,"[""storm"",""maintain"",""grip""]",ed980111.1130.0089.tml,grip__47__51###maintain__34__42###continues__21__30,3,,,,A powerful ice storm continues to maintain its grip.,A powerful ice storm continues to maintain its grip .,2,,10
1893181948,9/4/2018 06:45:12,4028386257,9/4/2018 06:44:50,false,neodev,1,41746613,GBR,M2,Solihull,90.254.78.191,,,"[""storm""]",ed980111.1130.0089.tml,grip__47__51###maintain__34__42###continues__21__30,3,,,,A powerful ice storm continues to maintain its grip.,A powerful ice storm continues to maintain its grip .,2,,10
1893181948,9/4/2018 22:27:17,4030734722,9/4/2018 22:26:13,false,elite,1,43852630,USA,FL,Miami,38.132.120.85,,,"[""storm""]",ed980111.1130.0089.tml,grip__47__51###maintain__34__42###continues__21__30,3,,,,A powerful ice storm continues to maintain its grip.,A powerful ice storm continues to maintain its grip .,2,,10
1893181948,9/5/2018 17:29:48,4032843258,9/5/2018 17:27:49,false,neodev,1,44810589,USA,NY,New York,104.131.176.234,,,"[""storm""]",ed980111.1130.0089.tml,grip__47__51###maintain__34__42###continues__21__30,3,,,,A powerful ice storm continues to maintain its grip.,A powerful ice storm continues to maintain its grip .,2,,10
1893181948,9/7/2018 07:09:50,4038681090,9/7/2018 07:09:17,false,elite,1,44242038,USA,FL,Port Saint Lucie,73.0.27.74,,,"[""storm""]",ed980111.1130.0089.tml,grip__47__51###maintain__34__42###continues__21__30,3,,,,A powerful ice storm continues to maintain its grip.,A powerful ice storm continues to maintain its grip .,2,,10
1893181948,9/7/2018 21:19:07,4040349857,9/7/2018 21:16:20,false,elite,1,44811798,USA,CA,San Francisco,104.236.205.233,,por que es muy dificil y no me da tiempo de responderla,[NONE],ed980111.1130.0089.tml,grip__47__51###maintain__34__42###continues__21__30,3,,,,A powerful ice storm continues to maintain its grip.,A powerful ice storm continues to maintain its grip .,2,,10
1893181949,9/5/2018 12:36:50,4032155969,9/5/2018 12:36:04,false,prizerebel,1,37400536,USA,MD,Baltimore,99.203.17.170,,,"[""denied"",""duty-free"",""treatment""]",wsj_0026.tml,denied__32__38###treatment__54__63,2,,,,"Previously , watch imports were denied such duty-free treatment.","Previously , watch imports were denied such duty-free treatment . ",6,,10
1893181949,9/7/2018 07:10:22,4038682003,9/7/2018 07:09:51,false,elite,1,44242038,USA,FL,Port Saint Lucie,73.0.27.74,,,"[""denied"",""treatment .""]",wsj_0026.tml,denied__32__38###treatment__54__63,2,,,,"Previously , watch imports were denied such duty-free treatment.","Previously , watch imports were denied such duty-free treatment . ",6,,10
1893181949,9/4/2018 08:54:51,4028558587,9/4/2018 08:54:44,false,prodege,1,15439740,AUS,2,Sydney,61.69.207.143,,,"[""denied"",""treatment""]",wsj_0026.tml,denied__32__38###treatment__54__63,2,,,,"Previously , watch imports were denied such duty-free treatment.","Previously , watch imports were denied such duty-free treatment . ",6,,10
1893181949,9/4/2018 06:45:30,4028386804,9/4/2018 06:45:14,false,neodev,1,41746613,GBR,M2,Solihull,90.254.78.191,,,"[""denied""]",wsj_0026.tml,denied__32__38###treatment__54__63,2,,,,"Previously , watch imports were denied such duty-free treatment.","Previously , watch imports were denied such duty-free treatment . ",6,,10
1893181949,9/4/2018 11:55:14,4028798118,9/4/2018 11:52:33,false,prodege,1,38202325,USA,ME,Limestone,98.13.82.121,,,"[""denied""]",wsj_0026.tml,denied__32__38###treatment__54__63,2,,,,"Previously , watch imports were denied such duty-free treatment.","Previously , watch imports were denied such duty-free treatment . ",6,,10
1893181949,9/4/2018 13:31:21,4028989346,9/4/2018 13:31:08,false,prodege,1,39740855,CAN,ON,Richmond Hill,69.159.54.6,,,"[""denied""]",wsj_0026.tml,denied__32__38###treatment__54__63,2,,,,"Previously , watch imports were denied such duty-free treatment.","Previously , watch imports were denied such duty-free treatment . ",6,,10
1893181949,9/4/2018 14:27:01,4029099580,9/4/2018 14:26:27,false,clixsense,1,28521374,USA,TX,Glen Rose,174.130.152.252,,,"[""denied""]",wsj_0026.tml,denied__32__38###treatment__54__63,2,,,,"Previously , watch imports were denied such duty-free treatment.","Previously , watch imports were denied such duty-free treatment . ",6,,10
1893181949,9/5/2018 16:48:33,4032726192,9/5/2018 16:48:28,false,neodev,1,31613324,USA,IL,Round Lake,73.9.55.112,,,"[""denied""]",wsj_0026.tml,denied__32__38###treatment__54__63,2,,,,"Previously , watch imports were denied such duty-free treatment.","Previously , watch imports were denied such duty-free treatment . ",6,,10
1893181949,9/7/2018 19:32:56,4040109723,9/7/2018 19:32:22,false,instagc,1,15176395,USA,IN,Indianapolis,50.195.163.121,,,"[""duty-free""]",wsj_0026.tml,denied__32__38###treatment__54__63,2,,,,"Previously , watch imports were denied such duty-free treatment.","Previously , watch imports were denied such duty-free treatment . ",6,,10
1893181949,9/5/2018 06:16:31,4031721485,9/5/2018 06:15:26,false,clixsense,1,6481150,AUS,8,Mosman Park,60.224.228.96,,,"[""imports"",""denied"",""treatment""]",wsj_0026.tml,denied__32__38###treatment__54__63,2,,,,"Previously , watch imports were denied such duty-free treatment.","Previously , watch imports were denied such duty-free treatment . ",6,,10
1893181949,9/7/2018 06:50:42,4038646857,9/7/2018 06:50:30,false,clixsense,1,6352345,GBR,H8,Liverpool,77.96.145.121,,,"[""imports"",""denied"",""treatment""]",wsj_0026.tml,denied__32__38###treatment__54__63,2,,,,"Previously , watch imports were denied such duty-free treatment.","Previously , watch imports were denied such duty-free treatment . ",6,,10
1893181949,9/7/2018 20:05:44,4040197383,9/7/2018 20:05:21,false,instagc,1,23287154,USA,CA,Napa,73.252.177.127,,,"[""imports"",""denied""]",wsj_0026.tml,denied__32__38###treatment__54__63,2,,,,"Previously , watch imports were denied such duty-free treatment.","Previously , watch imports were denied such duty-free treatment . ",6,,10
1893181949,9/4/2018 21:14:24,4030421464,9/4/2018 21:12:59,false,elite,1,43912578,USA,IL,Aurora,68.235.36.114,,,"[""imports""]",wsj_0026.tml,denied__32__38###treatment__54__63,2,,,,"Previously , watch imports were denied such duty-free treatment.","Previously , watch imports were denied such duty-free treatment . ",6,,10
1893181949,9/4/2018 21:50:50,4030573310,9/4/2018 21:49:52,false,elite,1,43887010,USA,GA,Atlanta,104.129.18.225,,,"[""imports""]",wsj_0026.tml,denied__32__38###treatment__54__63,2,,,,"Previously , watch imports were denied such duty-free treatment.","Previously , watch imports were denied such duty-free treatment . ",6,,10
1893181949,9/4/2018 22:29:02,4030743711,9/4/2018 22:27:25,false,elite,1,43852630,USA,FL,Miami,38.132.120.85,,,"[""imports""]",wsj_0026.tml,denied__32__38###treatment__54__63,2,,,,"Previously , watch imports were denied such duty-free treatment.","Previously , watch imports were denied such duty-free treatment . ",6,,10
1893181949,9/5/2018 17:30:19,4032844966,9/5/2018 17:29:51,false,neodev,1,44810589,USA,NY,New York,104.131.176.234,,,"[""treatment""]",wsj_0026.tml,denied__32__38###treatment__54__63,2,,,,"Previously , watch imports were denied such duty-free treatment.","Previously , watch imports were denied such duty-free treatment . ",6,,10
1893181949,9/4/2018 18:42:25,4029844618,9/4/2018 18:42:14,false,instagc,1,26024737,GBR,F6,Romford,92.7.135.74,,,"[""watch"",""imports"",""denied""]",wsj_0026.tml,denied__32__38###treatment__54__63,2,,,,"Previously , watch imports were denied such duty-free treatment.","Previously , watch imports were denied such duty-free treatment . ",6,,10
1893181949,9/5/2018 04:51:44,4031618774,9/5/2018 04:50:56,false,superrewards,1,25958238,USA,MA,Roslindale,73.149.99.33,,,"[""were denied such""]",wsj_0026.tml,denied__32__38###treatment__54__63,2,,,,"Previously , watch imports were denied such duty-free treatment.","Previously , watch imports were denied such duty-free treatment . ",6,,10
1893181949,9/6/2018 08:00:38,4035415041,9/6/2018 08:00:22,false,clixsense,1,6367365,USA,LA,Monroe,144.163.193.8,,,"[""were denied"",""treatment""]",wsj_0026.tml,denied__32__38###treatment__54__63,2,,,,"Previously , watch imports were denied such duty-free treatment.","Previously , watch imports were denied such duty-free treatment . ",6,,10
1893181949,9/7/2018 21:21:46,4040354449,9/7/2018 21:19:09,false,elite,1,44811798,USA,CA,San Francisco,104.236.205.233,,Aveces Siento Q El Reloj Es La Palabra Clave Para Hacer Una Propuesta,[NONE],wsj_0026.tml,denied__32__38###treatment__54__63,2,,,,"Previously , watch imports were denied such duty-free treatment.","Previously , watch imports were denied such duty-free treatment . ",6,,10
1893181950,9/8/2018 04:58:24,4041094546,9/8/2018 04:56:30,false,neodev,1,44633232,USA,OK,Edmond,104.247.135.214,,,"[""costs""]",wsj_0027.tml,expect__5__11###cut__19__22,2,,,,They expect him to cut costs throughout the organization.,They expect him to cut costs throughout the organization .,13,,10
1893181950,9/5/2018 12:37:10,4032156492,9/5/2018 12:36:52,false,prizerebel,1,37400536,USA,MD,Baltimore,99.203.17.170,,,"[""cut"",""costs"",""throughout"",""organization""]",wsj_0027.tml,expect__5__11###cut__19__22,2,,,,They expect him to cut costs throughout the organization.,They expect him to cut costs throughout the organization .,13,,10
1893181950,9/7/2018 06:51:02,4038647529,9/7/2018 06:50:43,false,clixsense,1,6352345,GBR,H8,Liverpool,77.96.145.121,,,"[""cut""]",wsj_0027.tml,expect__5__11###cut__19__22,2,,,,They expect him to cut costs throughout the organization.,They expect him to cut costs throughout the organization .,13,,10
1893181950,9/4/2018 18:42:38,4029845376,9/4/2018 18:42:27,false,instagc,1,26024737,GBR,F6,Romford,92.7.135.74,,,"[""expect him to cut costs throughout the organization""]",wsj_0027.tml,expect__5__11###cut__19__22,2,,,,They expect him to cut costs throughout the organization.,They expect him to cut costs throughout the organization .,13,,10
1893181950,9/4/2018 11:57:08,4028801599,9/4/2018 11:55:15,false,prodege,1,38202325,USA,ME,Limestone,98.13.82.121,,,"[""expect"",""cut costs""]",wsj_0027.tml,expect__5__11###cut__19__22,2,,,,They expect him to cut costs throughout the organization.,They expect him to cut costs throughout the organization .,13,,10
1893181950,9/5/2018 04:52:09,4031619297,9/5/2018 04:51:45,false,superrewards,1,25958238,USA,MA,Roslindale,73.149.99.33,,,"[""expect"",""cut costs""]",wsj_0027.tml,expect__5__11###cut__19__22,2,,,,They expect him to cut costs throughout the organization.,They expect him to cut costs throughout the organization .,13,,10
1893181950,9/7/2018 07:10:56,4038682914,9/7/2018 07:10:24,false,elite,1,44242038,USA,FL,Port Saint Lucie,73.0.27.74,,,"[""expect"",""cut costs""]",wsj_0027.tml,expect__5__11###cut__19__22,2,,,,They expect him to cut costs throughout the organization.,They expect him to cut costs throughout the organization .,13,,10
1893181950,9/4/2018 08:55:04,4028558712,9/4/2018 08:54:53,false,prodege,1,15439740,AUS,2,Sydney,61.69.207.143,,,"[""expect"",""cut"",""costs""]",wsj_0027.tml,expect__5__11###cut__19__22,2,,,,They expect him to cut costs throughout the organization.,They expect him to cut costs throughout the organization .,13,,10
1893181950,9/5/2018 06:17:36,4031722696,9/5/2018 06:16:33,false,clixsense,1,6481150,AUS,8,Mosman Park,60.224.228.96,,,"[""expect"",""cut"",""costs""]",wsj_0027.tml,expect__5__11###cut__19__22,2,,,,They expect him to cut costs throughout the organization.,They expect him to cut costs throughout the organization .,13,,10
1893181950,9/7/2018 20:06:00,4040197832,9/7/2018 20:05:46,false,instagc,1,23287154,USA,CA,Napa,73.252.177.127,,,"[""expect"",""cut"",""costs""]",wsj_0027.tml,expect__5__11###cut__19__22,2,,,,They expect him to cut costs throughout the organization.,They expect him to cut costs throughout the organization .,13,,10
1893181950,9/4/2018 14:27:36,4029101024,9/4/2018 14:27:02,false,clixsense,1,28521374,USA,TX,Glen Rose,174.130.152.252,,,"[""expect"",""cut""]",wsj_0027.tml,expect__5__11###cut__19__22,2,,,,They expect him to cut costs throughout the organization.,They expect him to cut costs throughout the organization .,13,,10
1893181950,9/6/2018 08:00:58,4035415506,9/6/2018 08:00:39,false,clixsense,1,6367365,USA,LA,Monroe,144.163.193.8,,,"[""expect"",""to cut""]",wsj_0027.tml,expect__5__11###cut__19__22,2,,,,They expect him to cut costs throughout the organization.,They expect him to cut costs throughout the organization .,13,,10
1893181950,9/4/2018 06:45:58,4028387531,9/4/2018 06:45:32,false,neodev,1,41746613,GBR,M2,Solihull,90.254.78.191,,,"[""expect""]",wsj_0027.tml,expect__5__11###cut__19__22,2,,,,They expect him to cut costs throughout the organization.,They expect him to cut costs throughout the organization .,13,,10
1893181950,9/4/2018 21:52:01,4030578359,9/4/2018 21:50:55,false,elite,1,43887010,USA,GA,Atlanta,104.129.18.225,,,"[""expect""]",wsj_0027.tml,expect__5__11###cut__19__22,2,,,,They expect him to cut costs throughout the organization.,They expect him to cut costs throughout the organization .,13,,10
1893181950,9/5/2018 17:30:55,4032847151,9/5/2018 17:30:26,false,neodev,1,44810589,USA,NY,New York,104.131.176.234,,,"[""organization""]",wsj_0027.tml,expect__5__11###cut__19__22,2,,,,They expect him to cut costs throughout the organization.,They expect him to cut costs throughout the organization .,13,,10
1893181950,9/4/2018 21:15:22,4030425372,9/4/2018 21:14:29,false,elite,1,43912578,USA,IL,Aurora,68.235.36.114,,,"[""throughout""]",wsj_0027.tml,expect__5__11###cut__19__22,2,,,,They expect him to cut costs throughout the organization.,They expect him to cut costs throughout the organization .,13,,10
1893181950,9/4/2018 22:30:21,4030750875,9/4/2018 22:29:05,false,elite,1,43852630,USA,FL,Miami,38.132.120.85,,,"[""throughout""]",wsj_0027.tml,expect__5__11###cut__19__22,2,,,,They expect him to cut costs throughout the organization.,They expect him to cut costs throughout the organization .,13,,10
1893181950,9/7/2018 19:33:09,4040110544,9/7/2018 19:32:57,false,instagc,1,15176395,USA,IN,Indianapolis,50.195.163.121,,,"[""throughout""]",wsj_0027.tml,expect__5__11###cut__19__22,2,,,,They expect him to cut costs throughout the organization.,They expect him to cut costs throughout the organization .,13,,10
1893181950,9/4/2018 13:31:41,4028990021,9/4/2018 13:31:22,false,prodege,1,39740855,CAN,ON,Richmond Hill,69.159.54.6,,none apply,[NONE],wsj_0027.tml,expect__5__11###cut__19__22,2,,,,They expect him to cut costs throughout the organization.,They expect him to cut costs throughout the organization .,13,,10
1893181950,9/7/2018 21:24:16,4040360568,9/7/2018 21:21:48,false,elite,1,44811798,USA,CA,San Francisco,104.236.205.233,,necesito una epoca de trabajos para el reloj contante al amor de mi amor,[NONE],wsj_0027.tml,expect__5__11###cut__19__22,2,,,,They expect him to cut costs throughout the organization.,They expect him to cut costs throughout the organization .,13,,10
1893181951,9/5/2018 06:20:01,4031725165,9/5/2018 06:17:38,false,clixsense,1,6481150,AUS,8,Mosman Park,60.224.228.96,,,"[""declined"",""discuss"",""issue""]",wsj_0106.tml,declined__3__11###discuss__15__22,2,,,,He declined to discuss other terms of the issue.,He declined to discuss other terms of the issue .,7,,10
1893181951,9/7/2018 20:06:18,4040198435,9/7/2018 20:06:01,false,instagc,1,23287154,USA,CA,Napa,73.252.177.127,,,"[""declined"",""discuss"",""issue""]",wsj_0106.tml,declined__3__11###discuss__15__22,2,,,,He declined to discuss other terms of the issue.,He declined to discuss other terms of the issue .,7,,10
1893181951,9/4/2018 11:58:46,4028803944,9/4/2018 11:57:09,false,prodege,1,38202325,USA,ME,Limestone,98.13.82.121,,,"[""declined"",""discuss""]",wsj_0106.tml,declined__3__11###discuss__15__22,2,,,,He declined to discuss other terms of the issue.,He declined to discuss other terms of the issue .,7,,10
1893181951,9/4/2018 14:28:27,4029103160,9/4/2018 14:27:36,false,clixsense,1,28521374,USA,TX,Glen Rose,174.130.152.252,,,"[""declined"",""discuss""]",wsj_0106.tml,declined__3__11###discuss__15__22,2,,,,He declined to discuss other terms of the issue.,He declined to discuss other terms of the issue .,7,,10
1893181951,9/4/2018 18:42:48,4029845845,9/4/2018 18:42:40,false,instagc,1,26024737,GBR,F6,Romford,92.7.135.74,,,"[""declined"",""discuss""]",wsj_0106.tml,declined__3__11###discuss__15__22,2,,,,He declined to discuss other terms of the issue.,He declined to discuss other terms of the issue .,7,,10
1893181951,9/7/2018 06:51:15,4038647981,9/7/2018 06:51:03,false,clixsense,1,6352345,GBR,H8,Liverpool,77.96.145.121,,,"[""declined"",""discuss""]",wsj_0106.tml,declined__3__11###discuss__15__22,2,,,,He declined to discuss other terms of the issue.,He declined to discuss other terms of the issue .,7,,10
1893181951,9/7/2018 07:11:08,4038683168,9/7/2018 07:10:57,false,elite,1,44242038,USA,FL,Port Saint Lucie,73.0.27.74,,,"[""declined"",""discuss""]",wsj_0106.tml,declined__3__11###discuss__15__22,2,,,,He declined to discuss other terms of the issue.,He declined to discuss other terms of the issue .,7,,10
1893181951,9/8/2018 06:24:28,4041174128,9/8/2018 06:23:39,false,prodege,1,31508822,CAN,AB,Calgary,66.222.231.38,,,"[""declined"",""discuss""]",wsj_0106.tml,declined__3__11###discuss__15__22,2,,,,He declined to discuss other terms of the issue.,He declined to discuss other terms of the issue .,7,,10
1893181951,9/5/2018 04:52:27,4031619698,9/5/2018 04:52:10,false,superrewards,1,25958238,USA,MA,Roslindale,73.149.99.33,,,"[""declined"",""terms of the issue""]",wsj_0106.tml,declined__3__11###discuss__15__22,2,,,,He declined to discuss other terms of the issue.,He declined to discuss other terms of the issue .,7,,10
1893181951,9/6/2018 08:01:15,4035415966,9/6/2018 08:00:59,false,clixsense,1,6367365,USA,LA,Monroe,144.163.193.8,,,"[""declined"",""to discuss""]",wsj_0106.tml,declined__3__11###discuss__15__22,2,,,,He declined to discuss other terms of the issue.,He declined to discuss other terms of the issue .,7,,10
1893181951,9/5/2018 12:37:30,4032156955,9/5/2018 12:37:11,false,prizerebel,1,37400536,USA,MD,Baltimore,99.203.17.170,,,"[""declined"",""to"",""discuss""]",wsj_0106.tml,declined__3__11###discuss__15__22,2,,,,He declined to discuss other terms of the issue.,He declined to discuss other terms of the issue .,7,,10
1893181951,9/4/2018 08:55:12,4028558849,9/4/2018 08:55:05,false,prodege,1,15439740,AUS,2,Sydney,61.69.207.143,,,"[""declined""]",wsj_0106.tml,declined__3__11###discuss__15__22,2,,,,He declined to discuss other terms of the issue.,He declined to discuss other terms of the issue .,7,,10
1893181951,9/4/2018 21:16:10,4030428728,9/4/2018 21:15:27,false,elite,1,43912578,USA,IL,Aurora,68.235.36.114,,,"[""discuss""]",wsj_0106.tml,declined__3__11###discuss__15__22,2,,,,He declined to discuss other terms of the issue.,He declined to discuss other terms of the issue .,7,,10
1893181951,9/4/2018 21:53:17,4030583794,9/4/2018 21:52:05,false,elite,1,43887010,USA,GA,Atlanta,104.129.18.225,,,"[""discuss""]",wsj_0106.tml,declined__3__11###discuss__15__22,2,,,,He declined to discuss other terms of the issue.,He declined to discuss other terms of the issue .,7,,10
1893181951,9/4/2018 22:32:25,4030761744,9/4/2018 22:30:27,false,elite,1,43852630,USA,FL,Miami,38.132.120.85,,,"[""discuss""]",wsj_0106.tml,declined__3__11###discuss__15__22,2,,,,He declined to discuss other terms of the issue.,He declined to discuss other terms of the issue .,7,,10
1893181951,9/8/2018 04:59:26,4041095383,9/8/2018 04:58:26,false,neodev,1,44633232,USA,OK,Edmond,104.247.135.214,,,"[""discuss""]",wsj_0106.tml,declined__3__11###discuss__15__22,2,,,,He declined to discuss other terms of the issue.,He declined to discuss other terms of the issue .,7,,10
1893181951,9/5/2018 17:32:20,4032851248,9/5/2018 17:30:57,false,neodev,1,44810589,USA,NY,New York,104.131.176.234,,,"[""other""]",wsj_0106.tml,declined__3__11###discuss__15__22,2,,,,He declined to discuss other terms of the issue.,He declined to discuss other terms of the issue .,7,,10
1893181951,9/7/2018 19:33:25,4040111696,9/7/2018 19:33:10,false,instagc,1,15176395,USA,IN,Indianapolis,50.195.163.121,,,"[""other""]",wsj_0106.tml,declined__3__11###discuss__15__22,2,,,,He declined to discuss other terms of the issue.,He declined to discuss other terms of the issue .,7,,10
1893181951,9/4/2018 13:31:58,4028990451,9/4/2018 13:31:42,false,prodege,1,39740855,CAN,ON,Richmond Hill,69.159.54.6,,none apply,[NONE],wsj_0106.tml,declined__3__11###discuss__15__22,2,,,,He declined to discuss other terms of the issue.,He declined to discuss other terms of the issue .,7,,10
1893181951,9/7/2018 21:26:46,4040366011,9/7/2018 21:24:18,false,elite,1,44811798,USA,CA,San Francisco,104.236.205.233,,quiero todo contigo porfavor no me falles q voy enserio de amo figure eiht,[NONE],wsj_0106.tml,declined__3__11###discuss__15__22,2,,,,He declined to discuss other terms of the issue.,He declined to discuss other terms of the issue .,7,,10
1893181952,9/5/2018 17:33:18,4032853748,9/5/2018 17:32:34,false,neodev,1,44810589,USA,NY,New York,104.131.176.234,,,"[""cents""]",wsj_0150.tml,closed__10__16,1,,,,"Primerica closed at $28.25, down 50 cents.","Primerica closed at $ 28.25 , down 50 cents . ",7,,10
1893181952,9/4/2018 12:01:25,4028808472,9/4/2018 11:58:47,false,prodege,1,38202325,USA,ME,Limestone,98.13.82.121,,,"[""closed"",""down""]",wsj_0150.tml,closed__10__16,1,,,,"Primerica closed at $28.25, down 50 cents.","Primerica closed at $ 28.25 , down 50 cents . ",7,,10
1893181952,9/6/2018 08:01:27,4035416243,9/6/2018 08:01:16,false,clixsense,1,6367365,USA,LA,Monroe,144.163.193.8,,,"[""closed"",""down""]",wsj_0150.tml,closed__10__16,1,,,,"Primerica closed at $28.25, down 50 cents.","Primerica closed at $ 28.25 , down 50 cents . ",7,,10
1893181952,9/7/2018 06:51:25,4038648306,9/7/2018 06:51:16,false,clixsense,1,6352345,GBR,H8,Liverpool,77.96.145.121,,,"[""closed"",""down""]",wsj_0150.tml,closed__10__16,1,,,,"Primerica closed at $28.25, down 50 cents.","Primerica closed at $ 28.25 , down 50 cents . ",7,,10
1893181952,9/7/2018 07:11:16,4038683344,9/7/2018 07:11:09,false,elite,1,44242038,USA,FL,Port Saint Lucie,73.0.27.74,,,"[""closed"",""down""]",wsj_0150.tml,closed__10__16,1,,,,"Primerica closed at $28.25, down 50 cents.","Primerica closed at $ 28.25 , down 50 cents . ",7,,10
1893181952,9/4/2018 08:55:19,4028559091,9/4/2018 08:55:14,false,prodege,1,15439740,AUS,2,Sydney,61.69.207.143,,,"[""closed""]",wsj_0150.tml,closed__10__16,1,,,,"Primerica closed at $28.25, down 50 cents.","Primerica closed at $ 28.25 , down 50 cents . ",7,,10
1893181952,9/4/2018 14:29:03,4029104786,9/4/2018 14:28:28,false,clixsense,1,28521374,USA,TX,Glen Rose,174.130.152.252,,,"[""closed""]",wsj_0150.tml,closed__10__16,1,,,,"Primerica closed at $28.25, down 50 cents.","Primerica closed at $ 28.25 , down 50 cents . ",7,,10
1893181952,9/4/2018 21:54:50,4030590220,9/4/2018 21:53:23,false,elite,1,43887010,USA,GA,Atlanta,104.129.18.225,,,"[""closed""]",wsj_0150.tml,closed__10__16,1,,,,"Primerica closed at $28.25, down 50 cents.","Primerica closed at $ 28.25 , down 50 cents . ",7,,10
1893181952,9/4/2018 22:34:19,4030771647,9/4/2018 22:32:35,false,elite,1,43852630,USA,FL,Miami,38.132.120.85,,,"[""closed""]",wsj_0150.tml,closed__10__16,1,,,,"Primerica closed at $28.25, down 50 cents.","Primerica closed at $ 28.25 , down 50 cents . ",7,,10
1893181952,9/5/2018 04:52:45,4031620213,9/5/2018 04:52:31,false,superrewards,1,25958238,USA,MA,Roslindale,73.149.99.33,,,"[""closed""]",wsj_0150.tml,closed__10__16,1,,,,"Primerica closed at $28.25, down 50 cents.","Primerica closed at $ 28.25 , down 50 cents . ",7,,10
1893181952,9/5/2018 06:21:06,4031726388,9/5/2018 06:20:03,false,clixsense,1,6481150,AUS,8,Mosman Park,60.224.228.96,,,"[""closed""]",wsj_0150.tml,closed__10__16,1,,,,"Primerica closed at $28.25, down 50 cents.","Primerica closed at $ 28.25 , down 50 cents . ",7,,10
1893181952,9/7/2018 20:06:46,4040199348,9/7/2018 20:06:19,false,instagc,1,23287154,USA,CA,Napa,73.252.177.127,,,"[""closed""]",wsj_0150.tml,closed__10__16,1,,,,"Primerica closed at $28.25, down 50 cents.","Primerica closed at $ 28.25 , down 50 cents . ",7,,10
1893181952,9/8/2018 06:31:34,4041181564,9/8/2018 06:31:29,false,prodege,1,31508822,CAN,AB,Calgary,66.222.231.38,,,"[""closed""]",wsj_0150.tml,closed__10__16,1,,,,"Primerica closed at $28.25, down 50 cents.","Primerica closed at $ 28.25 , down 50 cents . ",7,,10
1893181952,9/4/2018 13:32:05,4028990649,9/4/2018 13:31:58,false,prodege,1,39740855,CAN,ON,Richmond Hill,69.159.54.6,,,"[""down""]",wsj_0150.tml,closed__10__16,1,,,,"Primerica closed at $28.25, down 50 cents.","Primerica closed at $ 28.25 , down 50 cents . ",7,,10
1893181952,9/4/2018 21:17:07,4030432704,9/4/2018 21:16:16,false,elite,1,43912578,USA,IL,Aurora,68.235.36.114,,,"[""down""]",wsj_0150.tml,closed__10__16,1,,,,"Primerica closed at $28.25, down 50 cents.","Primerica closed at $ 28.25 , down 50 cents . ",7,,10
1893181952,9/7/2018 19:33:36,4040112615,9/7/2018 19:33:26,false,instagc,1,15176395,USA,IN,Indianapolis,50.195.163.121,,,"[""down""]",wsj_0150.tml,closed__10__16,1,,,,"Primerica closed at $28.25, down 50 cents.","Primerica closed at $ 28.25 , down 50 cents . ",7,,10
1893181952,9/8/2018 05:00:15,4041096070,9/8/2018 04:59:29,false,neodev,1,44633232,USA,OK,Edmond,104.247.135.214,,,"[""down""]",wsj_0150.tml,closed__10__16,1,,,,"Primerica closed at $28.25, down 50 cents.","Primerica closed at $ 28.25 , down 50 cents . ",7,,10
1893181952,9/4/2018 18:42:57,4029846432,9/4/2018 18:42:50,false,instagc,1,26024737,GBR,F6,Romford,92.7.135.74,,,"[""Primerica closed at $ 28.25"",""down 50 cents""]",wsj_0150.tml,closed__10__16,1,,,,"Primerica closed at $28.25, down 50 cents.","Primerica closed at $ 28.25 , down 50 cents . ",7,,10
1893181952,9/5/2018 12:39:26,4032159877,9/5/2018 12:37:31,false,prizerebel,1,37400536,USA,MD,Baltimore,99.203.17.170,,,"[""Primerica"",""closed"",""at"",""$"",""28.25"",""down"",""50"",""cents""]",wsj_0150.tml,closed__10__16,1,,,,"Primerica closed at $28.25, down 50 cents.","Primerica closed at $ 28.25 , down 50 cents . ",7,,10
1893181952,9/7/2018 21:29:25,4040372257,9/7/2018 21:26:49,false,elite,1,44811798,USA,CA,San Francisco,104.236.205.233,,Aveces Las Mujeres Te Hacen La Vida Dificil Pero Es Mejor Dejar Que Pase Para NO Perderlas,[NONE],wsj_0150.tml,closed__10__16,1,,,,"Primerica closed at $28.25, down 50 cents.","Primerica closed at $ 28.25 , down 50 cents . ",7,,10
1893181953,9/4/2018 21:56:22,4030596429,9/4/2018 21:54:54,false,elite,1,43887010,USA,GA,Atlanta,104.129.18.225,,,"[""dispute""]",wsj_0175.tml,dispute__38__45###settle__27__33###talks__18__23,3,,,,Both sides are in talks to settle the dispute.,Both sides are in talks to settle the dispute .,9,,10
1893181953,9/5/2018 17:35:35,4032858647,9/5/2018 17:34:55,false,neodev,1,44810589,USA,NY,New York,104.131.176.234,,,"[""dispute""]",wsj_0175.tml,dispute__38__45###settle__27__33###talks__18__23,3,,,,Both sides are in talks to settle the dispute.,Both sides are in talks to settle the dispute .,9,,10
1893181953,9/4/2018 18:43:31,4029848351,9/4/2018 18:43:17,false,instagc,1,26024737,GBR,F6,Romford,92.7.135.74,,,"[""in talks"",""settle"",""dispute""]",wsj_0175.tml,dispute__38__45###settle__27__33###talks__18__23,3,,,,Both sides are in talks to settle the dispute.,Both sides are in talks to settle the dispute .,9,,10
1893181953,9/6/2018 08:01:50,4035416711,9/6/2018 08:01:28,false,clixsense,1,6367365,USA,LA,Monroe,144.163.193.8,,,"[""in talks"",""to settle"",""dispute""]",wsj_0175.tml,dispute__38__45###settle__27__33###talks__18__23,3,,,,Both sides are in talks to settle the dispute.,Both sides are in talks to settle the dispute .,9,,10
1893181953,9/7/2018 07:11:31,4038683849,9/7/2018 07:11:17,false,elite,1,44242038,USA,FL,Port Saint Lucie,73.0.27.74,,,"[""in talks"",""to settle"",""dispute""]",wsj_0175.tml,dispute__38__45###settle__27__33###talks__18__23,3,,,,Both sides are in talks to settle the dispute.,Both sides are in talks to settle the dispute .,9,,10
1893181953,9/5/2018 12:39:40,4032160277,9/5/2018 12:39:28,false,prizerebel,1,37400536,USA,MD,Baltimore,99.203.17.170,,,"[""in"",""talks"",""settle"",""dispute""]",wsj_0175.tml,dispute__38__45###settle__27__33###talks__18__23,3,,,,Both sides are in talks to settle the dispute.,Both sides are in talks to settle the dispute .,9,,10
1893181953,9/4/2018 13:32:16,4028991122,9/4/2018 13:32:06,false,prodege,1,39740855,CAN,ON,Richmond Hill,69.159.54.6,,,"[""settle""]",wsj_0175.tml,dispute__38__45###settle__27__33###talks__18__23,3,,,,Both sides are in talks to settle the dispute.,Both sides are in talks to settle the dispute .,9,,10
1893181953,9/7/2018 19:33:47,4040113462,9/7/2018 19:33:37,false,instagc,1,15176395,USA,IN,Indianapolis,50.195.163.121,,,"[""settle""]",wsj_0175.tml,dispute__38__45###settle__27__33###talks__18__23,3,,,,Both sides are in talks to settle the dispute.,Both sides are in talks to settle the dispute .,9,,10
1893181953,9/8/2018 05:01:03,4041096786,9/8/2018 05:00:18,false,neodev,1,44633232,USA,OK,Edmond,104.247.135.214,,,"[""sides""]",wsj_0175.tml,dispute__38__45###settle__27__33###talks__18__23,3,,,,Both sides are in talks to settle the dispute.,Both sides are in talks to settle the dispute .,9,,10
1893181953,9/8/2018 08:43:25,4041276853,9/8/2018 08:43:00,false,getpaid,1,40032300,GBR,G5,Canterbury,88.106.124.38,,,"[""talks"",""dispute""]",wsj_0175.tml,dispute__38__45###settle__27__33###talks__18__23,3,,,,Both sides are in talks to settle the dispute.,Both sides are in talks to settle the dispute .,9,,10
1893181953,9/4/2018 08:55:27,4028559322,9/4/2018 08:55:21,false,prodege,1,15439740,AUS,2,Sydney,61.69.207.143,,,"[""talks"",""settle"",""dispute""]",wsj_0175.tml,dispute__38__45###settle__27__33###talks__18__23,3,,,,Both sides are in talks to settle the dispute.,Both sides are in talks to settle the dispute .,9,,10
1893181953,9/4/2018 12:03:11,4028811422,9/4/2018 12:01:26,false,prodege,1,38202325,USA,ME,Limestone,98.13.82.121,,,"[""talks"",""settle"",""dispute""]",wsj_0175.tml,dispute__38__45###settle__27__33###talks__18__23,3,,,,Both sides are in talks to settle the dispute.,Both sides are in talks to settle the dispute .,9,,10
1893181953,9/5/2018 04:53:35,4031621409,9/5/2018 04:52:46,false,superrewards,1,25958238,USA,MA,Roslindale,73.149.99.33,,,"[""talks"",""settle"",""dispute""]",wsj_0175.tml,dispute__38__45###settle__27__33###talks__18__23,3,,,,Both sides are in talks to settle the dispute.,Both sides are in talks to settle the dispute .,9,,10
1893181953,9/5/2018 06:22:57,4031728513,9/5/2018 06:21:08,false,clixsense,1,6481150,AUS,8,Mosman Park,60.224.228.96,,,"[""talks"",""settle"",""dispute""]",wsj_0175.tml,dispute__38__45###settle__27__33###talks__18__23,3,,,,Both sides are in talks to settle the dispute.,Both sides are in talks to settle the dispute .,9,,10
1893181953,9/7/2018 06:51:35,4038648644,9/7/2018 06:51:26,false,clixsense,1,6352345,GBR,H8,Liverpool,77.96.145.121,,,"[""talks"",""settle"",""dispute""]",wsj_0175.tml,dispute__38__45###settle__27__33###talks__18__23,3,,,,Both sides are in talks to settle the dispute.,Both sides are in talks to settle the dispute .,9,,10
1893181953,9/7/2018 20:06:58,4040199702,9/7/2018 20:06:48,false,instagc,1,23287154,USA,CA,Napa,73.252.177.127,,,"[""talks"",""settle"",""dispute""]",wsj_0175.tml,dispute__38__45###settle__27__33###talks__18__23,3,,,,Both sides are in talks to settle the dispute.,Both sides are in talks to settle the dispute .,9,,10
1893181953,9/4/2018 14:29:38,4029106129,9/4/2018 14:29:04,false,clixsense,1,28521374,USA,TX,Glen Rose,174.130.152.252,,,"[""talks"",""settle""]",wsj_0175.tml,dispute__38__45###settle__27__33###talks__18__23,3,,,,Both sides are in talks to settle the dispute.,Both sides are in talks to settle the dispute .,9,,10
1893181953,9/4/2018 21:17:51,4030435822,9/4/2018 21:17:15,false,elite,1,43912578,USA,IL,Aurora,68.235.36.114,,,"[""talks""]",wsj_0175.tml,dispute__38__45###settle__27__33###talks__18__23,3,,,,Both sides are in talks to settle the dispute.,Both sides are in talks to settle the dispute .,9,,10
1893181953,9/4/2018 22:35:33,4030777713,9/4/2018 22:34:23,false,elite,1,43852630,USA,FL,Miami,38.132.120.85,,,"[""talks""]",wsj_0175.tml,dispute__38__45###settle__27__33###talks__18__23,3,,,,Both sides are in talks to settle the dispute.,Both sides are in talks to settle the dispute .,9,,10
1893181953,9/7/2018 21:32:17,4040377952,9/7/2018 21:29:27,false,elite,1,44811798,USA,CA,San Francisco,104.236.205.233,,Amigos Necesito Acciones Que Me Demuestren Su Interesss Ayudenme,[NONE],wsj_0175.tml,dispute__38__45###settle__27__33###talks__18__23,3,,,,Both sides are in talks to settle the dispute.,Both sides are in talks to settle the dispute .,9,,10
1893181954,9/8/2018 10:09:34,4041325246,9/8/2018 10:08:30,false,prodege,1,43146784,USA,CA,Los Angeles,104.175.48.61,,,"[""comment"",""suit""]",wsj_0471.tml,suit__37__41###said__4__8###comment__22__29,3,,,,DPC said it could n't comment on the suit.,DPC said it could n't comment on the suit .,7,,10
1893181954,9/4/2018 21:19:30,4030442877,9/4/2018 21:17:55,false,elite,1,43912578,USA,IL,Aurora,68.235.36.114,,,"[""comment""]",wsj_0471.tml,suit__37__41###said__4__8###comment__22__29,3,,,,DPC said it could n't comment on the suit.,DPC said it could n't comment on the suit .,7,,10
1893181954,9/4/2018 21:58:24,4030604808,9/4/2018 21:56:26,false,elite,1,43887010,USA,GA,Atlanta,104.129.18.225,,,"[""comment""]",wsj_0471.tml,suit__37__41###said__4__8###comment__22__29,3,,,,DPC said it could n't comment on the suit.,DPC said it could n't comment on the suit .,7,,10
1893181954,9/7/2018 19:34:31,4040116329,9/7/2018 19:33:48,false,instagc,1,15176395,USA,IN,Indianapolis,50.195.163.121,,,"[""comment""]",wsj_0471.tml,suit__37__41###said__4__8###comment__22__29,3,,,,DPC said it could n't comment on the suit.,DPC said it could n't comment on the suit .,7,,10
1893181954,9/5/2018 12:39:52,4032160536,9/5/2018 12:39:42,false,prizerebel,1,37400536,USA,MD,Baltimore,99.203.17.170,,,"[""could"",""comment""]",wsj_0471.tml,suit__37__41###said__4__8###comment__22__29,3,,,,DPC said it could n't comment on the suit.,DPC said it could n't comment on the suit .,7,,10
1893181954,9/4/2018 13:32:30,4028991583,9/4/2018 13:32:17,false,prodege,1,39740855,CAN,ON,Richmond Hill,69.159.54.6,,,"[""could""]",wsj_0471.tml,suit__37__41###said__4__8###comment__22__29,3,,,,DPC said it could n't comment on the suit.,DPC said it could n't comment on the suit .,7,,10
1893181954,9/4/2018 18:43:45,4029849063,9/4/2018 18:43:33,false,instagc,1,26024737,GBR,F6,Romford,92.7.135.74,,,"[""DPC said"",""comment""]",wsj_0471.tml,suit__37__41###said__4__8###comment__22__29,3,,,,DPC said it could n't comment on the suit.,DPC said it could n't comment on the suit .,7,,10
1893181954,9/8/2018 18:07:49,4041861058,9/8/2018 18:07:10,false,clixsense,1,6576528,CAN,SK,Regina,24.72.133.122,,,"[""DPC"",""said""]",wsj_0471.tml,suit__37__41###said__4__8###comment__22__29,3,,,,DPC said it could n't comment on the suit.,DPC said it could n't comment on the suit .,7,,10
1893181954,9/8/2018 08:43:51,4041277101,9/8/2018 08:43:27,false,getpaid,1,40032300,GBR,G5,Canterbury,88.106.124.38,,,"[""n't comment"",""suit""]",wsj_0471.tml,suit__37__41###said__4__8###comment__22__29,3,,,,DPC said it could n't comment on the suit.,DPC said it could n't comment on the suit .,7,,10
1893181954,9/4/2018 14:30:02,4029107072,9/4/2018 14:29:39,false,clixsense,1,28521374,USA,TX,Glen Rose,174.130.152.252,,,"[""said"",""comment""]",wsj_0471.tml,suit__37__41###said__4__8###comment__22__29,3,,,,DPC said it could n't comment on the suit.,DPC said it could n't comment on the suit .,7,,10
1893181954,9/8/2018 09:58:27,4041319907,9/8/2018 09:58:13,false,instagc,1,28813722,USA,NY,Fulton,67.246.101.72,,,"[""said"",""comment""]",wsj_0471.tml,suit__37__41###said__4__8###comment__22__29,3,,,,DPC said it could n't comment on the suit.,DPC said it could n't comment on the suit .,7,,10
1893181954,9/7/2018 07:11:45,4038684217,9/7/2018 07:11:32,false,elite,1,44242038,USA,FL,Port Saint Lucie,73.0.27.74,,,"[""said"",""could n't comment"",""suit""]",wsj_0471.tml,suit__37__41###said__4__8###comment__22__29,3,,,,DPC said it could n't comment on the suit.,DPC said it could n't comment on the suit .,7,,10
1893181954,9/4/2018 12:04:49,4028814671,9/4/2018 12:03:12,false,prodege,1,38202325,USA,ME,Limestone,98.13.82.121,,,"[""said"",""could n't comment"",""the suit""]",wsj_0471.tml,suit__37__41###said__4__8###comment__22__29,3,,,,DPC said it could n't comment on the suit.,DPC said it could n't comment on the suit .,7,,10
1893181954,9/5/2018 06:24:06,4031729623,9/5/2018 06:22:59,false,clixsense,1,6481150,AUS,8,Mosman Park,60.224.228.96,,,"[""said"",""could n't"",""comment"",""suit""]",wsj_0471.tml,suit__37__41###said__4__8###comment__22__29,3,,,,DPC said it could n't comment on the suit.,DPC said it could n't comment on the suit .,7,,10
1893181954,9/6/2018 08:02:08,4035417177,9/6/2018 08:01:51,false,clixsense,1,6367365,USA,LA,Monroe,144.163.193.8,,,"[""said"",""could n't"",""comment""]",wsj_0471.tml,suit__37__41###said__4__8###comment__22__29,3,,,,DPC said it could n't comment on the suit.,DPC said it could n't comment on the suit .,7,,10
1893181954,9/7/2018 06:51:50,4038649082,9/7/2018 06:51:36,false,clixsense,1,6352345,GBR,H8,Liverpool,77.96.145.121,,,"[""said"",""could"",""comment"",""suit""]",wsj_0471.tml,suit__37__41###said__4__8###comment__22__29,3,,,,DPC said it could n't comment on the suit.,DPC said it could n't comment on the suit .,7,,10
1893181954,9/7/2018 20:07:17,4040200307,9/7/2018 20:07:00,false,instagc,1,23287154,USA,CA,Napa,73.252.177.127,,,"[""said"",""could"",""n't"",""comment"",""suit""]",wsj_0471.tml,suit__37__41###said__4__8###comment__22__29,3,,,,DPC said it could n't comment on the suit.,DPC said it could n't comment on the suit .,7,,10
1893181954,9/5/2018 04:53:53,4031621924,9/5/2018 04:53:36,false,superrewards,1,25958238,USA,MA,Roslindale,73.149.99.33,,,"[""said"",""suit"",""suit""]",wsj_0471.tml,suit__37__41###said__4__8###comment__22__29,3,,,,DPC said it could n't comment on the suit.,DPC said it could n't comment on the suit .,7,,10
1893181954,9/8/2018 05:01:47,4041097457,9/8/2018 05:01:06,false,neodev,1,44633232,USA,OK,Edmond,104.247.135.214,,,"[""said""]",wsj_0471.tml,suit__37__41###said__4__8###comment__22__29,3,,,,DPC said it could n't comment on the suit.,DPC said it could n't comment on the suit .,7,,10
1893181954,9/8/2018 17:32:02,4041818783,9/8/2018 17:30:16,false,elite,1,44811798,USA,NY,New York,104.236.53.155,,Te aMOOOOOOOOOOO MARIAAA GRABIELA CARIPA RODRIGUEZ,[NONE],wsj_0471.tml,suit__37__41###said__4__8###comment__22__29,3,,,,DPC said it could n't comment on the suit.,DPC said it could n't comment on the suit .,7,,10
1893181955,9/8/2018 18:21:56,4041877200,9/8/2018 18:20:00,false,neodev,1,44829610,USA,MN,Saint Paul,192.119.168.177,,,[NONE],wsj_0520.tml,announced__7__16###closed__52__58###request__27__34###market__45__51,4,,,,Nashua announced the Reiss request after the market closed.,Nashua announced the Reiss request after the market closed .,13,,10
1893181955,9/7/2018 07:11:59,4038684694,9/7/2018 07:11:46,false,elite,1,44242038,USA,FL,Port Saint Lucie,73.0.27.74,,,"[""announced the Reiss request"",""market closed .""]",wsj_0520.tml,announced__7__16###closed__52__58###request__27__34###market__45__51,4,,,,Nashua announced the Reiss request after the market closed.,Nashua announced the Reiss request after the market closed .,13,,10
1893181955,9/8/2018 08:44:17,4041277280,9/8/2018 08:43:52,false,getpaid,1,40032300,GBR,G5,Canterbury,88.106.124.38,,,"[""announced"",""after the market closed""]",wsj_0520.tml,announced__7__16###closed__52__58###request__27__34###market__45__51,4,,,,Nashua announced the Reiss request after the market closed.,Nashua announced the Reiss request after the market closed .,13,,10
1893181955,9/5/2018 04:54:52,4031623051,9/5/2018 04:53:54,false,superrewards,1,25958238,USA,MA,Roslindale,73.149.99.33,,,"[""announced"",""market closed""]",wsj_0520.tml,announced__7__16###closed__52__58###request__27__34###market__45__51,4,,,,Nashua announced the Reiss request after the market closed.,Nashua announced the Reiss request after the market closed .,13,,10
1893181955,9/8/2018 10:10:11,4041325608,9/8/2018 10:09:36,false,prodege,1,43146784,USA,CA,Los Angeles,104.175.48.61,,,"[""announced"",""Reiss request"",""market closed""]",wsj_0520.tml,announced__7__16###closed__52__58###request__27__34###market__45__51,4,,,,Nashua announced the Reiss request after the market closed.,Nashua announced the Reiss request after the market closed .,13,,10
1893181955,9/4/2018 18:43:54,4029849465,9/4/2018 18:43:47,false,instagc,1,26024737,GBR,F6,Romford,92.7.135.74,,,"[""announced"",""Reiss"",""request""]",wsj_0520.tml,announced__7__16###closed__52__58###request__27__34###market__45__51,4,,,,Nashua announced the Reiss request after the market closed.,Nashua announced the Reiss request after the market closed .,13,,10
1893181955,9/4/2018 14:31:35,4029110844,9/4/2018 14:30:02,false,clixsense,1,28521374,USA,TX,Glen Rose,174.130.152.252,,,"[""announced"",""request"",""closed""]",wsj_0520.tml,announced__7__16###closed__52__58###request__27__34###market__45__51,4,,,,Nashua announced the Reiss request after the market closed.,Nashua announced the Reiss request after the market closed .,13,,10
1893181955,9/6/2018 08:02:27,4035417577,9/6/2018 08:02:10,false,clixsense,1,6367365,USA,LA,Monroe,144.163.193.8,,,"[""announced"",""request"",""closed""]",wsj_0520.tml,announced__7__16###closed__52__58###request__27__34###market__45__51,4,,,,Nashua announced the Reiss request after the market closed.,Nashua announced the Reiss request after the market closed .,13,,10
1893181955,9/7/2018 06:52:06,4038649577,9/7/2018 06:51:52,false,clixsense,1,6352345,GBR,H8,Liverpool,77.96.145.121,,,"[""announced"",""request"",""closed""]",wsj_0520.tml,announced__7__16###closed__52__58###request__27__34###market__45__51,4,,,,Nashua announced the Reiss request after the market closed.,Nashua announced the Reiss request after the market closed .,13,,10
1893181955,9/7/2018 20:07:40,4040201041,9/7/2018 20:07:19,false,instagc,1,23287154,USA,CA,Napa,73.252.177.127,,,"[""announced"",""request"",""closed""]",wsj_0520.tml,announced__7__16###closed__52__58###request__27__34###market__45__51,4,,,,Nashua announced the Reiss request after the market closed.,Nashua announced the Reiss request after the market closed .,13,,10
1893181955,9/8/2018 21:13:25,4042092099,9/8/2018 21:12:18,false,prodege,1,20693788,USA,CA,Stockton,107.215.185.51,,,"[""announced"",""request"",""closed""]",wsj_0520.tml,announced__7__16###closed__52__58###request__27__34###market__45__51,4,,,,Nashua announced the Reiss request after the market closed.,Nashua announced the Reiss request after the market closed .,13,,10
1893181955,9/5/2018 06:25:37,4031731099,9/5/2018 06:25:26,false,clixsense,1,6481150,AUS,8,Mosman Park,60.224.228.96,,,"[""announced"",""request"",""market"",""closed""]",wsj_0520.tml,announced__7__16###closed__52__58###request__27__34###market__45__51,4,,,,Nashua announced the Reiss request after the market closed.,Nashua announced the Reiss request after the market closed .,13,,10
1893181955,9/5/2018 12:40:05,4032160868,9/5/2018 12:39:53,false,prizerebel,1,37400536,USA,MD,Baltimore,99.203.17.170,,,"[""announced""]",wsj_0520.tml,announced__7__16###closed__52__58###request__27__34###market__45__51,4,,,,Nashua announced the Reiss request after the market closed.,Nashua announced the Reiss request after the market closed .,13,,10
1893181955,9/4/2018 13:32:47,4028992233,9/4/2018 13:32:31,false,prodege,1,39740855,CAN,ON,Richmond Hill,69.159.54.6,,,"[""closed""]",wsj_0520.tml,announced__7__16###closed__52__58###request__27__34###market__45__51,4,,,,Nashua announced the Reiss request after the market closed.,Nashua announced the Reiss request after the market closed .,13,,10
1893181955,9/8/2018 18:08:27,4041861717,9/8/2018 18:07:50,false,clixsense,1,6576528,CAN,SK,Regina,24.72.133.122,,,"[""Nashua"",""announced""]",wsj_0520.tml,announced__7__16###closed__52__58###request__27__34###market__45__51,4,,,,Nashua announced the Reiss request after the market closed.,Nashua announced the Reiss request after the market closed .,13,,10
1893181955,9/8/2018 09:59:02,4041320214,9/8/2018 09:58:28,false,instagc,1,28813722,USA,NY,Fulton,67.246.101.72,,,"[""Reiss request"",""closed""]",wsj_0520.tml,announced__7__16###closed__52__58###request__27__34###market__45__51,4,,,,Nashua announced the Reiss request after the market closed.,Nashua announced the Reiss request after the market closed .,13,,10
1893181955,9/7/2018 19:34:39,4040116769,9/7/2018 19:34:32,false,instagc,1,15176395,USA,IN,Indianapolis,50.195.163.121,,,"[""Reiss""]",wsj_0520.tml,announced__7__16###closed__52__58###request__27__34###market__45__51,4,,,,Nashua announced the Reiss request after the market closed.,Nashua announced the Reiss request after the market closed .,13,,10
1893181955,9/8/2018 05:02:41,4041098418,9/8/2018 05:01:50,false,neodev,1,44633232,USA,OK,Edmond,104.247.135.214,,,"[""Reiss""]",wsj_0520.tml,announced__7__16###closed__52__58###request__27__34###market__45__51,4,,,,Nashua announced the Reiss request after the market closed.,Nashua announced the Reiss request after the market closed .,13,,10
1893181955,9/4/2018 21:20:21,4030446736,9/4/2018 21:19:36,false,elite,1,43912578,USA,IL,Aurora,68.235.36.114,,,"[""request""]",wsj_0520.tml,announced__7__16###closed__52__58###request__27__34###market__45__51,4,,,,Nashua announced the Reiss request after the market closed.,Nashua announced the Reiss request after the market closed .,13,,10
1893181955,9/4/2018 21:59:55,4030610978,9/4/2018 21:58:30,false,elite,1,43887010,USA,GA,Atlanta,104.129.18.225,,,"[""request""]",wsj_0520.tml,announced__7__16###closed__52__58###request__27__34###market__45__51,4,,,,Nashua announced the Reiss request after the market closed.,Nashua announced the Reiss request after the market closed .,13,,10
1893181956,9/8/2018 18:22:20,4041877648,9/8/2018 18:21:59,false,neodev,1,44829610,USA,MN,Saint Paul,192.119.168.177,,,[NONE],wsj_0551.tml,expected__19__27###close__31__36###transaction__4__15,3,,,,The transaction is expected to close around year end.,The transaction is expected to close around year end .,6,,10
1893181956,9/4/2018 22:01:00,4030615109,9/4/2018 22:00:02,false,elite,1,43887010,USA,GA,Atlanta,104.129.18.225,,,"[""close""]",wsj_0551.tml,expected__19__27###close__31__36###transaction__4__15,3,,,,The transaction is expected to close around year end.,The transaction is expected to close around year end .,6,,10
1893181956,9/7/2018 19:34:50,4040117347,9/7/2018 19:34:40,false,instagc,1,15176395,USA,IN,Indianapolis,50.195.163.121,,,"[""close""]",wsj_0551.tml,expected__19__27###close__31__36###transaction__4__15,3,,,,The transaction is expected to close around year end.,The transaction is expected to close around year end .,6,,10
1893181956,9/8/2018 10:10:38,4041325768,9/8/2018 10:10:12,false,prodege,1,43146784,USA,CA,Los Angeles,104.175.48.61,,,"[""close""]",wsj_0551.tml,expected__19__27###close__31__36###transaction__4__15,3,,,,The transaction is expected to close around year end.,The transaction is expected to close around year end .,6,,10
1893181956,9/5/2018 12:40:26,4032161379,9/5/2018 12:40:07,false,prizerebel,1,37400536,USA,MD,Baltimore,99.203.17.170,,,"[""expected"",""to"",""close""]",wsj_0551.tml,expected__19__27###close__31__36###transaction__4__15,3,,,,The transaction is expected to close around year end.,The transaction is expected to close around year end .,6,,10
1893181956,9/4/2018 21:21:25,4030451712,9/4/2018 21:20:25,false,elite,1,43912578,USA,IL,Aurora,68.235.36.114,,,"[""expected""]",wsj_0551.tml,expected__19__27###close__31__36###transaction__4__15,3,,,,The transaction is expected to close around year end.,The transaction is expected to close around year end .,6,,10
1893181956,9/6/2018 08:02:44,4035418075,9/6/2018 08:02:28,false,clixsense,1,6367365,USA,LA,Monroe,144.163.193.8,,,"[""is expected"",""to close""]",wsj_0551.tml,expected__19__27###close__31__36###transaction__4__15,3,,,,The transaction is expected to close around year end.,The transaction is expected to close around year end .,6,,10
1893181956,9/8/2018 18:08:44,4041861972,9/8/2018 18:08:28,false,clixsense,1,6576528,CAN,SK,Regina,24.72.133.122,,,"[""The"",""transaction"",""is"",""expected""]",wsj_0551.tml,expected__19__27###close__31__36###transaction__4__15,3,,,,The transaction is expected to close around year end.,The transaction is expected to close around year end .,6,,10
1893181956,9/8/2018 05:03:29,4041099207,9/8/2018 05:02:44,false,neodev,1,44633232,USA,OK,Edmond,104.247.135.214,,,"[""to""]",wsj_0551.tml,expected__19__27###close__31__36###transaction__4__15,3,,,,The transaction is expected to close around year end.,The transaction is expected to close around year end .,6,,10
1893181956,9/8/2018 08:44:32,4041277474,9/8/2018 08:44:18,false,getpaid,1,40032300,GBR,G5,Canterbury,88.106.124.38,,,"[""transaction"",""close around year end""]",wsj_0551.tml,expected__19__27###close__31__36###transaction__4__15,3,,,,The transaction is expected to close around year end.,The transaction is expected to close around year end .,6,,10
1893181956,9/4/2018 14:32:05,4029112072,9/4/2018 14:31:37,false,clixsense,1,28521374,USA,TX,Glen Rose,174.130.152.252,,,"[""transaction"",""close""]",wsj_0551.tml,expected__19__27###close__31__36###transaction__4__15,3,,,,The transaction is expected to close around year end.,The transaction is expected to close around year end .,6,,10
1893181956,9/8/2018 21:13:46,4042092571,9/8/2018 21:13:26,false,prodege,1,20693788,USA,CA,Stockton,107.215.185.51,,,"[""transaction"",""close""]",wsj_0551.tml,expected__19__27###close__31__36###transaction__4__15,3,,,,The transaction is expected to close around year end.,The transaction is expected to close around year end .,6,,10
1893181956,9/8/2018 21:56:56,4042140880,9/8/2018 21:56:33,false,instagc,1,41265265,USA,MN,Mound,104.240.243.12,,,"[""transaction"",""close""]",wsj_0551.tml,expected__19__27###close__31__36###transaction__4__15,3,,,,The transaction is expected to close around year end.,The transaction is expected to close around year end .,6,,10
1893181956,9/5/2018 04:55:11,4031623446,9/5/2018 04:54:53,false,superrewards,1,25958238,USA,MA,Roslindale,73.149.99.33,,,"[""transaction"",""expected to close"",""year end .""]",wsj_0551.tml,expected__19__27###close__31__36###transaction__4__15,3,,,,The transaction is expected to close around year end.,The transaction is expected to close around year end .,6,,10
1893181956,9/7/2018 06:52:23,4038650124,9/7/2018 06:52:08,false,clixsense,1,6352345,GBR,H8,Liverpool,77.96.145.121,,,"[""transaction"",""expected"",""close"",""end""]",wsj_0551.tml,expected__19__27###close__31__36###transaction__4__15,3,,,,The transaction is expected to close around year end.,The transaction is expected to close around year end .,6,,10
1893181956,9/5/2018 06:27:33,4031733229,9/5/2018 06:25:39,false,clixsense,1,6481150,AUS,8,Mosman Park,60.224.228.96,,,"[""transaction"",""expected"",""close"",""year end""]",wsj_0551.tml,expected__19__27###close__31__36###transaction__4__15,3,,,,The transaction is expected to close around year end.,The transaction is expected to close around year end .,6,,10
1893181956,9/4/2018 18:44:07,4029850170,9/4/2018 18:43:55,false,instagc,1,26024737,GBR,F6,Romford,92.7.135.74,,,"[""transaction"",""expected"",""close""]",wsj_0551.tml,expected__19__27###close__31__36###transaction__4__15,3,,,,The transaction is expected to close around year end.,The transaction is expected to close around year end .,6,,10
1893181956,9/7/2018 20:07:52,4040201586,9/7/2018 20:07:41,false,instagc,1,23287154,USA,CA,Napa,73.252.177.127,,,"[""transaction"",""expected"",""close""]",wsj_0551.tml,expected__19__27###close__31__36###transaction__4__15,3,,,,The transaction is expected to close around year end.,The transaction is expected to close around year end .,6,,10
1893181956,9/7/2018 07:12:12,4038685053,9/7/2018 07:12:01,false,elite,1,44242038,USA,FL,Port Saint Lucie,73.0.27.74,,,"[""transaction"",""expected"",""to close""]",wsj_0551.tml,expected__19__27###close__31__36###transaction__4__15,3,,,,The transaction is expected to close around year end.,The transaction is expected to close around year end .,6,,10
1893181956,9/4/2018 13:33:03,4028992698,9/4/2018 13:32:47,false,prodege,1,39740855,CAN,ON,Richmond Hill,69.159.54.6,,none apply,[NONE],wsj_0551.tml,expected__19__27###close__31__36###transaction__4__15,3,,,,The transaction is expected to close around year end.,The transaction is expected to close around year end .,6,,10
1893181957,9/8/2018 18:23:02,4041878441,9/8/2018 18:22:23,false,neodev,1,44829610,USA,MN,Saint Paul,192.119.168.177,,,"[""del  médico  's  casa  y  un  partido  entre las  fibras  que se encuentran  cerca  del  asesinato  y  los demás  se encuentran  en  Kopp  ' s  coche  _  funcionarios  dijeron  que  habían  decidido  a  emitir  una  orden  para  su  arresto  en  el asesinato  del  Dr.  Barnett  Slepian  ."",""del  médico "",""del  médico "",""del  médico "",""del  médico "",""del  médico "",""del  médico "",""del "",""del""]",NYT19990505.0443.tml,decided__207__214###said__193__197###killing__256__263###issue__218__223###found__47__52###match__106__111###found__47__52###found__47__52###buried__68__74,9,,,,Based on physical evidence _ including a rifle found in April month buried near the doctor's house and a match between fibers found near the murder and others found in Kopp's car _ officials said they had decided to issue a warrant for his arrest in the killing of Dr. Barnett Slepian.,Based on physical evidence _ including a rifle found in April month buried near the doctor 's house and a match between fibers found near the murder and others found in Kopp 's car _ officials said they had decided to issue a warrant for his arrest in the killing of Dr. Barnett Slepian .,9,,55
1893181957,9/4/2018 22:02:18,4030620289,9/4/2018 22:01:05,false,elite,1,43887010,USA,GA,Atlanta,104.129.18.225,,,"[""April"",""house"",""found""]",NYT19990505.0443.tml,decided__207__214###said__193__197###killing__256__263###issue__218__223###found__47__52###match__106__111###found__47__52###found__47__52###buried__68__74,9,,,,Based on physical evidence _ including a rifle found in April month buried near the doctor's house and a match between fibers found near the murder and others found in Kopp's car _ officials said they had decided to issue a warrant for his arrest in the killing of Dr. Barnett Slepian.,Based on physical evidence _ including a rifle found in April month buried near the doctor 's house and a match between fibers found near the murder and others found in Kopp 's car _ officials said they had decided to issue a warrant for his arrest in the killing of Dr. Barnett Slepian .,9,,55
1893181957,9/6/2018 08:03:42,4035419609,9/6/2018 08:02:45,false,clixsense,1,6367365,USA,LA,Monroe,144.163.193.8,,,"[""Based"",""found"",""buried"",""found"",""found"",""said"",""had decided"",""to issue"",""arrest"",""killing""]",NYT19990505.0443.tml,decided__207__214###said__193__197###killing__256__263###issue__218__223###found__47__52###match__106__111###found__47__52###found__47__52###buried__68__74,9,,,,Based on physical evidence _ including a rifle found in April month buried near the doctor's house and a match between fibers found near the murder and others found in Kopp's car _ officials said they had decided to issue a warrant for his arrest in the killing of Dr. Barnett Slepian.,Based on physical evidence _ including a rifle found in April month buried near the doctor 's house and a match between fibers found near the murder and others found in Kopp 's car _ officials said they had decided to issue a warrant for his arrest in the killing of Dr. Barnett Slepian .,9,,55
1893181957,9/8/2018 18:09:21,4041862777,9/8/2018 18:08:45,false,clixsense,1,6576528,CAN,SK,Regina,24.72.133.122,,,"[""Based"",""on"",""physical"",""evidence""]",NYT19990505.0443.tml,decided__207__214###said__193__197###killing__256__263###issue__218__223###found__47__52###match__106__111###found__47__52###found__47__52###buried__68__74,9,,,,Based on physical evidence _ including a rifle found in April month buried near the doctor's house and a match between fibers found near the murder and others found in Kopp's car _ officials said they had decided to issue a warrant for his arrest in the killing of Dr. Barnett Slepian.,Based on physical evidence _ including a rifle found in April month buried near the doctor 's house and a match between fibers found near the murder and others found in Kopp 's car _ officials said they had decided to issue a warrant for his arrest in the killing of Dr. Barnett Slepian .,9,,55
1893181957,9/8/2018 21:57:44,4042141690,9/8/2018 21:56:57,false,instagc,1,41265265,USA,MN,Mound,104.240.243.12,,,"[""buried"",""murder"",""arrest""]",NYT19990505.0443.tml,decided__207__214###said__193__197###killing__256__263###issue__218__223###found__47__52###match__106__111###found__47__52###found__47__52###buried__68__74,9,,,,Based on physical evidence _ including a rifle found in April month buried near the doctor's house and a match between fibers found near the murder and others found in Kopp's car _ officials said they had decided to issue a warrant for his arrest in the killing of Dr. Barnett Slepian.,Based on physical evidence _ including a rifle found in April month buried near the doctor 's house and a match between fibers found near the murder and others found in Kopp 's car _ officials said they had decided to issue a warrant for his arrest in the killing of Dr. Barnett Slepian .,9,,55
1893181957,9/7/2018 06:53:16,4038651994,9/7/2018 06:52:25,false,clixsense,1,6352345,GBR,H8,Liverpool,77.96.145.121,,,"[""evidence"",""found"",""buried"",""match"",""murder"",""said"",""decided"",""issue"",""arrest"",""killing""]",NYT19990505.0443.tml,decided__207__214###said__193__197###killing__256__263###issue__218__223###found__47__52###match__106__111###found__47__52###found__47__52###buried__68__74,9,,,,Based on physical evidence _ including a rifle found in April month buried near the doctor's house and a match between fibers found near the murder and others found in Kopp's car _ officials said they had decided to issue a warrant for his arrest in the killing of Dr. Barnett Slepian.,Based on physical evidence _ including a rifle found in April month buried near the doctor 's house and a match between fibers found near the murder and others found in Kopp 's car _ officials said they had decided to issue a warrant for his arrest in the killing of Dr. Barnett Slepian .,9,,55
1893181957,9/5/2018 06:30:25,4031736460,9/5/2018 06:27:36,false,clixsense,1,6481150,AUS,8,Mosman Park,60.224.228.96,,,"[""evidence"",""including"",""found"",""buried"",""match"",""found"",""murder"",""found"",""said"",""decided"",""issue"",""warrant"",""arrest"",""killing""]",NYT19990505.0443.tml,decided__207__214###said__193__197###killing__256__263###issue__218__223###found__47__52###match__106__111###found__47__52###found__47__52###buried__68__74,9,,,,Based on physical evidence _ including a rifle found in April month buried near the doctor's house and a match between fibers found near the murder and others found in Kopp's car _ officials said they had decided to issue a warrant for his arrest in the killing of Dr. Barnett Slepian.,Based on physical evidence _ including a rifle found in April month buried near the doctor 's house and a match between fibers found near the murder and others found in Kopp 's car _ officials said they had decided to issue a warrant for his arrest in the killing of Dr. Barnett Slepian .,9,,55
1893181957,9/5/2018 04:56:20,4031625006,9/5/2018 04:55:12,false,superrewards,1,25958238,USA,MA,Roslindale,73.149.99.33,,,"[""found"",""buried near the doctor 's house"",""found"",""murder"",""said"",""decided"",""issue a warrant"",""arrest"",""killing of Dr. Barnett Slepian""]",NYT19990505.0443.tml,decided__207__214###said__193__197###killing__256__263###issue__218__223###found__47__52###match__106__111###found__47__52###found__47__52###buried__68__74,9,,,,Based on physical evidence _ including a rifle found in April month buried near the doctor's house and a match between fibers found near the murder and others found in Kopp's car _ officials said they had decided to issue a warrant for his arrest in the killing of Dr. Barnett Slepian.,Based on physical evidence _ including a rifle found in April month buried near the doctor 's house and a match between fibers found near the murder and others found in Kopp 's car _ officials said they had decided to issue a warrant for his arrest in the killing of Dr. Barnett Slepian .,9,,55
1893181957,9/9/2018 06:48:52,4042659891,9/9/2018 06:47:53,false,instagc,1,44094031,GBR,F9,West Drayton,82.45.230.16,,,"[""found"",""buried"",""found"",""found"",""decided"",""issue"",""killing""]",NYT19990505.0443.tml,decided__207__214###said__193__197###killing__256__263###issue__218__223###found__47__52###match__106__111###found__47__52###found__47__52###buried__68__74,9,,,,Based on physical evidence _ including a rifle found in April month buried near the doctor's house and a match between fibers found near the murder and others found in Kopp's car _ officials said they had decided to issue a warrant for his arrest in the killing of Dr. Barnett Slepian.,Based on physical evidence _ including a rifle found in April month buried near the doctor 's house and a match between fibers found near the murder and others found in Kopp 's car _ officials said they had decided to issue a warrant for his arrest in the killing of Dr. Barnett Slepian .,9,,55
1893181957,9/7/2018 20:08:30,4040202720,9/7/2018 20:07:54,false,instagc,1,23287154,USA,CA,Napa,73.252.177.127,,,"[""found"",""buried"",""found"",""found"",""said"",""decided"",""issue"",""arrest"",""killing""]",NYT19990505.0443.tml,decided__207__214###said__193__197###killing__256__263###issue__218__223###found__47__52###match__106__111###found__47__52###found__47__52###buried__68__74,9,,,,Based on physical evidence _ including a rifle found in April month buried near the doctor's house and a match between fibers found near the murder and others found in Kopp's car _ officials said they had decided to issue a warrant for his arrest in the killing of Dr. Barnett Slepian.,Based on physical evidence _ including a rifle found in April month buried near the doctor 's house and a match between fibers found near the murder and others found in Kopp 's car _ officials said they had decided to issue a warrant for his arrest in the killing of Dr. Barnett Slepian .,9,,55
1893181957,9/7/2018 07:13:35,4038687590,9/7/2018 07:12:13,false,elite,1,44242038,USA,FL,Port Saint Lucie,73.0.27.74,,,"[""found"",""buried"",""match"",""found"",""murder"",""found"",""said"",""decided"",""issue"",""arrest"",""killing""]",NYT19990505.0443.tml,decided__207__214###said__193__197###killing__256__263###issue__218__223###found__47__52###match__106__111###found__47__52###found__47__52###buried__68__74,9,,,,Based on physical evidence _ including a rifle found in April month buried near the doctor's house and a match between fibers found near the murder and others found in Kopp's car _ officials said they had decided to issue a warrant for his arrest in the killing of Dr. Barnett Slepian.,Based on physical evidence _ including a rifle found in April month buried near the doctor 's house and a match between fibers found near the murder and others found in Kopp 's car _ officials said they had decided to issue a warrant for his arrest in the killing of Dr. Barnett Slepian .,9,,55
1893181957,9/8/2018 10:12:09,4041326654,9/8/2018 10:10:39,false,prodege,1,43146784,USA,CA,Los Angeles,104.175.48.61,,,"[""found"",""murder"",""found"",""issue a warrant"",""killing of Dr. Barnett Slepian""]",NYT19990505.0443.tml,decided__207__214###said__193__197###killing__256__263###issue__218__223###found__47__52###match__106__111###found__47__52###found__47__52###buried__68__74,9,,,,Based on physical evidence _ including a rifle found in April month buried near the doctor's house and a match between fibers found near the murder and others found in Kopp's car _ officials said they had decided to issue a warrant for his arrest in the killing of Dr. Barnett Slepian.,Based on physical evidence _ including a rifle found in April month buried near the doctor 's house and a match between fibers found near the murder and others found in Kopp 's car _ officials said they had decided to issue a warrant for his arrest in the killing of Dr. Barnett Slepian .,9,,55
1893181957,9/8/2018 08:45:06,4041277713,9/8/2018 08:44:33,false,getpaid,1,40032300,GBR,G5,Canterbury,88.106.124.38,,,"[""issue a warrant"",""killing of Dr. Barnett Slepian""]",NYT19990505.0443.tml,decided__207__214###said__193__197###killing__256__263###issue__218__223###found__47__52###match__106__111###found__47__52###found__47__52###buried__68__74,9,,,,Based on physical evidence _ including a rifle found in April month buried near the doctor's house and a match between fibers found near the murder and others found in Kopp's car _ officials said they had decided to issue a warrant for his arrest in the killing of Dr. Barnett Slepian.,Based on physical evidence _ including a rifle found in April month buried near the doctor 's house and a match between fibers found near the murder and others found in Kopp 's car _ officials said they had decided to issue a warrant for his arrest in the killing of Dr. Barnett Slepian .,9,,55
1893181957,9/7/2018 19:38:44,4040131025,9/7/2018 19:38:39,false,instagc,1,15176395,USA,IN,Indianapolis,50.195.163.121,,,"[""issue""]",NYT19990505.0443.tml,decided__207__214###said__193__197###killing__256__263###issue__218__223###found__47__52###match__106__111###found__47__52###found__47__52###buried__68__74,9,,,,Based on physical evidence _ including a rifle found in April month buried near the doctor's house and a match between fibers found near the murder and others found in Kopp's car _ officials said they had decided to issue a warrant for his arrest in the killing of Dr. Barnett Slepian.,Based on physical evidence _ including a rifle found in April month buried near the doctor 's house and a match between fibers found near the murder and others found in Kopp 's car _ officials said they had decided to issue a warrant for his arrest in the killing of Dr. Barnett Slepian .,9,,55
1893181957,9/8/2018 05:04:55,4041100523,9/8/2018 05:03:33,false,neodev,1,44633232,USA,OK,Edmond,104.247.135.214,,,"[""Kopp""]",NYT19990505.0443.tml,decided__207__214###said__193__197###killing__256__263###issue__218__223###found__47__52###match__106__111###found__47__52###found__47__52###buried__68__74,9,,,,Based on physical evidence _ including a rifle found in April month buried near the doctor's house and a match between fibers found near the murder and others found in Kopp's car _ officials said they had decided to issue a warrant for his arrest in the killing of Dr. Barnett Slepian.,Based on physical evidence _ including a rifle found in April month buried near the doctor 's house and a match between fibers found near the murder and others found in Kopp 's car _ officials said they had decided to issue a warrant for his arrest in the killing of Dr. Barnett Slepian .,9,,55
1893181957,9/4/2018 21:22:42,4030457384,9/4/2018 21:21:29,false,elite,1,43912578,USA,IL,Aurora,68.235.36.114,,,"[""month""]",NYT19990505.0443.tml,decided__207__214###said__193__197###killing__256__263###issue__218__223###found__47__52###match__106__111###found__47__52###found__47__52###buried__68__74,9,,,,Based on physical evidence _ including a rifle found in April month buried near the doctor's house and a match between fibers found near the murder and others found in Kopp's car _ officials said they had decided to issue a warrant for his arrest in the killing of Dr. Barnett Slepian.,Based on physical evidence _ including a rifle found in April month buried near the doctor 's house and a match between fibers found near the murder and others found in Kopp 's car _ officials said they had decided to issue a warrant for his arrest in the killing of Dr. Barnett Slepian .,9,,55
1893181957,9/4/2018 18:44:43,4029852217,9/4/2018 18:44:09,false,instagc,1,26024737,GBR,F6,Romford,92.7.135.74,,,"[""physical"",""evidence"",""rifle found in April month buried near the doctor 's house"",""match between fibers found near the murder"",""issue a warrant"",""his"",""arrest""]",NYT19990505.0443.tml,decided__207__214###said__193__197###killing__256__263###issue__218__223###found__47__52###match__106__111###found__47__52###found__47__52###buried__68__74,9,,,,Based on physical evidence _ including a rifle found in April month buried near the doctor's house and a match between fibers found near the murder and others found in Kopp's car _ officials said they had decided to issue a warrant for his arrest in the killing of Dr. Barnett Slepian.,Based on physical evidence _ including a rifle found in April month buried near the doctor 's house and a match between fibers found near the murder and others found in Kopp 's car _ officials said they had decided to issue a warrant for his arrest in the killing of Dr. Barnett Slepian .,9,,55
1893181957,9/8/2018 22:27:28,4042175218,9/8/2018 22:24:42,false,elite,1,32173500,GBR,E4,Chelmsford,176.26.45.204,,,"[""rifle found"",""buried"",""fibers found"",""murder"",""issue a warrant"",""arrest"",""killing of Dr. Barnett Slepian""]",NYT19990505.0443.tml,decided__207__214###said__193__197###killing__256__263###issue__218__223###found__47__52###match__106__111###found__47__52###found__47__52###buried__68__74,9,,,,Based on physical evidence _ including a rifle found in April month buried near the doctor's house and a match between fibers found near the murder and others found in Kopp's car _ officials said they had decided to issue a warrant for his arrest in the killing of Dr. Barnett Slepian.,Based on physical evidence _ including a rifle found in April month buried near the doctor 's house and a match between fibers found near the murder and others found in Kopp 's car _ officials said they had decided to issue a warrant for his arrest in the killing of Dr. Barnett Slepian .,9,,55
1893181957,9/5/2018 12:41:06,4032162401,9/5/2018 12:40:28,false,prizerebel,1,37400536,USA,MD,Baltimore,99.203.17.170,,,"[""rifle"",""found"",""buried"",""match"",""between"",""fibers"",""found"",""issue"",""a"",""warrant"",""warrant""]",NYT19990505.0443.tml,decided__207__214###said__193__197###killing__256__263###issue__218__223###found__47__52###match__106__111###found__47__52###found__47__52###buried__68__74,9,,,,Based on physical evidence _ including a rifle found in April month buried near the doctor's house and a match between fibers found near the murder and others found in Kopp's car _ officials said they had decided to issue a warrant for his arrest in the killing of Dr. Barnett Slepian.,Based on physical evidence _ including a rifle found in April month buried near the doctor 's house and a match between fibers found near the murder and others found in Kopp 's car _ officials said they had decided to issue a warrant for his arrest in the killing of Dr. Barnett Slepian .,9,,55
1893181957,9/4/2018 13:33:24,4028993228,9/4/2018 13:33:04,false,prodege,1,39740855,CAN,ON,Richmond Hill,69.159.54.6,,,"[""warrant"",""arrest""]",NYT19990505.0443.tml,decided__207__214###said__193__197###killing__256__263###issue__218__223###found__47__52###match__106__111###found__47__52###found__47__52###buried__68__74,9,,,,Based on physical evidence _ including a rifle found in April month buried near the doctor's house and a match between fibers found near the murder and others found in Kopp's car _ officials said they had decided to issue a warrant for his arrest in the killing of Dr. Barnett Slepian.,Based on physical evidence _ including a rifle found in April month buried near the doctor 's house and a match between fibers found near the murder and others found in Kopp 's car _ officials said they had decided to issue a warrant for his arrest in the killing of Dr. Barnett Slepian .,9,,55
1893181958,9/8/2018 18:23:31,4041878857,9/8/2018 18:23:05,false,neodev,1,44829610,USA,MN,Saint Paul,192.119.168.177,,,[NONE],NYT19980424.0421.tml,use__209__212###invalidating__192__204###vindicated__153__163###took__83__87###said__19__23###ruling__185__191,6,,,,"The New York Times said in an editorial on Saturday, April 25: The Supreme Court took a detour this week from the core principle of gender fairness it vindicated two years ago in its ruling invalidating the use of sexual stereotypes to justify denying women admission to the Virginia Military Institute.","The New York Times said in an editorial on Saturday , April 25 : The Supreme Court took a detour this week from the core principle of gender fairness it vindicated two years ago in its ruling invalidating the use of sexual stereotypes to justify denying women admission to the Virginia Military Institute . ",3,,54
1893181958,9/4/2018 21:23:39,4030461267,9/4/2018 21:22:47,false,elite,1,43912578,USA,IL,Aurora,68.235.36.114,,,"[""April""]",NYT19980424.0421.tml,use__209__212###invalidating__192__204###vindicated__153__163###took__83__87###said__19__23###ruling__185__191,6,,,,"The New York Times said in an editorial on Saturday, April 25: The Supreme Court took a detour this week from the core principle of gender fairness it vindicated two years ago in its ruling invalidating the use of sexual stereotypes to justify denying women admission to the Virginia Military Institute.","The New York Times said in an editorial on Saturday , April 25 : The Supreme Court took a detour this week from the core principle of gender fairness it vindicated two years ago in its ruling invalidating the use of sexual stereotypes to justify denying women admission to the Virginia Military Institute . ",3,,54
1893181958,9/7/2018 19:39:08,4040132419,9/7/2018 19:38:45,false,instagc,1,15176395,USA,IN,Indianapolis,50.195.163.121,,,"[""detour""]",NYT19980424.0421.tml,use__209__212###invalidating__192__204###vindicated__153__163###took__83__87###said__19__23###ruling__185__191,6,,,,"The New York Times said in an editorial on Saturday, April 25: The Supreme Court took a detour this week from the core principle of gender fairness it vindicated two years ago in its ruling invalidating the use of sexual stereotypes to justify denying women admission to the Virginia Military Institute.","The New York Times said in an editorial on Saturday , April 25 : The Supreme Court took a detour this week from the core principle of gender fairness it vindicated two years ago in its ruling invalidating the use of sexual stereotypes to justify denying women admission to the Virginia Military Institute . ",3,,54
1893181958,9/4/2018 22:03:56,4030627395,9/4/2018 22:02:26,false,elite,1,43887010,USA,GA,Atlanta,104.129.18.225,,,"[""editorial"",""week"",""years""]",NYT19980424.0421.tml,use__209__212###invalidating__192__204###vindicated__153__163###took__83__87###said__19__23###ruling__185__191,6,,,,"The New York Times said in an editorial on Saturday, April 25: The Supreme Court took a detour this week from the core principle of gender fairness it vindicated two years ago in its ruling invalidating the use of sexual stereotypes to justify denying women admission to the Virginia Military Institute.","The New York Times said in an editorial on Saturday , April 25 : The Supreme Court took a detour this week from the core principle of gender fairness it vindicated two years ago in its ruling invalidating the use of sexual stereotypes to justify denying women admission to the Virginia Military Institute . ",3,,54
1893181958,9/8/2018 05:06:04,4041101645,9/8/2018 05:04:58,false,neodev,1,44633232,USA,OK,Edmond,104.247.135.214,,,"[""in""]",NYT19980424.0421.tml,use__209__212###invalidating__192__204###vindicated__153__163###took__83__87###said__19__23###ruling__185__191,6,,,,"The New York Times said in an editorial on Saturday, April 25: The Supreme Court took a detour this week from the core principle of gender fairness it vindicated two years ago in its ruling invalidating the use of sexual stereotypes to justify denying women admission to the Virginia Military Institute.","The New York Times said in an editorial on Saturday , April 25 : The Supreme Court took a detour this week from the core principle of gender fairness it vindicated two years ago in its ruling invalidating the use of sexual stereotypes to justify denying women admission to the Virginia Military Institute . ",3,,54
1893181958,9/8/2018 21:58:27,4042142599,9/8/2018 21:57:45,false,instagc,1,41265265,USA,MN,Mound,104.240.243.12,,,"[""invalidating"",""denying"",""women"",""admission""]",NYT19980424.0421.tml,use__209__212###invalidating__192__204###vindicated__153__163###took__83__87###said__19__23###ruling__185__191,6,,,,"The New York Times said in an editorial on Saturday, April 25: The Supreme Court took a detour this week from the core principle of gender fairness it vindicated two years ago in its ruling invalidating the use of sexual stereotypes to justify denying women admission to the Virginia Military Institute.","The New York Times said in an editorial on Saturday , April 25 : The Supreme Court took a detour this week from the core principle of gender fairness it vindicated two years ago in its ruling invalidating the use of sexual stereotypes to justify denying women admission to the Virginia Military Institute . ",3,,54
1893181958,9/4/2018 13:33:49,4028994006,9/4/2018 13:33:24,false,prodege,1,39740855,CAN,ON,Richmond Hill,69.159.54.6,,,"[""invalidating"",""justify""]",NYT19980424.0421.tml,use__209__212###invalidating__192__204###vindicated__153__163###took__83__87###said__19__23###ruling__185__191,6,,,,"The New York Times said in an editorial on Saturday, April 25: The Supreme Court took a detour this week from the core principle of gender fairness it vindicated two years ago in its ruling invalidating the use of sexual stereotypes to justify denying women admission to the Virginia Military Institute.","The New York Times said in an editorial on Saturday , April 25 : The Supreme Court took a detour this week from the core principle of gender fairness it vindicated two years ago in its ruling invalidating the use of sexual stereotypes to justify denying women admission to the Virginia Military Institute . ",3,,54
1893181958,9/5/2018 12:41:47,4032163414,9/5/2018 12:41:07,false,prizerebel,1,37400536,USA,MD,Baltimore,99.203.17.170,,,"[""New"",""York"",""Times"",""said"",""Supreme"",""Court"",""took"",""a"",""detour"",""it"",""vindicated""]",NYT19980424.0421.tml,use__209__212###invalidating__192__204###vindicated__153__163###took__83__87###said__19__23###ruling__185__191,6,,,,"The New York Times said in an editorial on Saturday, April 25: The Supreme Court took a detour this week from the core principle of gender fairness it vindicated two years ago in its ruling invalidating the use of sexual stereotypes to justify denying women admission to the Virginia Military Institute.","The New York Times said in an editorial on Saturday , April 25 : The Supreme Court took a detour this week from the core principle of gender fairness it vindicated two years ago in its ruling invalidating the use of sexual stereotypes to justify denying women admission to the Virginia Military Institute . ",3,,54
1893181958,9/8/2018 08:45:46,4041278042,9/8/2018 08:45:07,false,getpaid,1,40032300,GBR,G5,Canterbury,88.106.124.38,,,"[""ruling"",""denying women admission to the Virginia Military Institute""]",NYT19980424.0421.tml,use__209__212###invalidating__192__204###vindicated__153__163###took__83__87###said__19__23###ruling__185__191,6,,,,"The New York Times said in an editorial on Saturday, April 25: The Supreme Court took a detour this week from the core principle of gender fairness it vindicated two years ago in its ruling invalidating the use of sexual stereotypes to justify denying women admission to the Virginia Military Institute.","The New York Times said in an editorial on Saturday , April 25 : The Supreme Court took a detour this week from the core principle of gender fairness it vindicated two years ago in its ruling invalidating the use of sexual stereotypes to justify denying women admission to the Virginia Military Institute . ",3,,54
1893181958,9/5/2018 04:57:31,4031626311,9/5/2018 04:56:21,false,superrewards,1,25958238,USA,MA,Roslindale,73.149.99.33,,,"[""said"",""editorial on Saturday , April 25"",""took a detour"",""vindicated"",""its ruling invalidating the use of sexual stereotypes"",""denying""]",NYT19980424.0421.tml,use__209__212###invalidating__192__204###vindicated__153__163###took__83__87###said__19__23###ruling__185__191,6,,,,"The New York Times said in an editorial on Saturday, April 25: The Supreme Court took a detour this week from the core principle of gender fairness it vindicated two years ago in its ruling invalidating the use of sexual stereotypes to justify denying women admission to the Virginia Military Institute.","The New York Times said in an editorial on Saturday , April 25 : The Supreme Court took a detour this week from the core principle of gender fairness it vindicated two years ago in its ruling invalidating the use of sexual stereotypes to justify denying women admission to the Virginia Military Institute . ",3,,54
1893181958,9/7/2018 20:09:43,4040204913,9/7/2018 20:08:31,false,instagc,1,23287154,USA,CA,Napa,73.252.177.127,,,"[""said"",""editorial"",""detour"",""vindicated"",""ruling"",""invalidating"",""denying""]",NYT19980424.0421.tml,use__209__212###invalidating__192__204###vindicated__153__163###took__83__87###said__19__23###ruling__185__191,6,,,,"The New York Times said in an editorial on Saturday, April 25: The Supreme Court took a detour this week from the core principle of gender fairness it vindicated two years ago in its ruling invalidating the use of sexual stereotypes to justify denying women admission to the Virginia Military Institute.","The New York Times said in an editorial on Saturday , April 25 : The Supreme Court took a detour this week from the core principle of gender fairness it vindicated two years ago in its ruling invalidating the use of sexual stereotypes to justify denying women admission to the Virginia Military Institute . ",3,,54
1893181958,9/6/2018 08:04:25,4035420674,9/6/2018 08:03:43,false,clixsense,1,6367365,USA,LA,Monroe,144.163.193.8,,,"[""said"",""took a detour"",""it vindicated"",""ruling"",""invalidating"",""use"",""justify"",""denying"",""admission""]",NYT19980424.0421.tml,use__209__212###invalidating__192__204###vindicated__153__163###took__83__87###said__19__23###ruling__185__191,6,,,,"The New York Times said in an editorial on Saturday, April 25: The Supreme Court took a detour this week from the core principle of gender fairness it vindicated two years ago in its ruling invalidating the use of sexual stereotypes to justify denying women admission to the Virginia Military Institute.","The New York Times said in an editorial on Saturday , April 25 : The Supreme Court took a detour this week from the core principle of gender fairness it vindicated two years ago in its ruling invalidating the use of sexual stereotypes to justify denying women admission to the Virginia Military Institute . ",3,,54
1893181958,9/5/2018 06:31:54,4031738031,9/5/2018 06:30:27,false,clixsense,1,6481150,AUS,8,Mosman Park,60.224.228.96,,,"[""said"",""took"",""detour"",""vindicated"",""ruling"",""invalidating"",""justify"",""denying"",""admission""]",NYT19980424.0421.tml,use__209__212###invalidating__192__204###vindicated__153__163###took__83__87###said__19__23###ruling__185__191,6,,,,"The New York Times said in an editorial on Saturday, April 25: The Supreme Court took a detour this week from the core principle of gender fairness it vindicated two years ago in its ruling invalidating the use of sexual stereotypes to justify denying women admission to the Virginia Military Institute.","The New York Times said in an editorial on Saturday , April 25 : The Supreme Court took a detour this week from the core principle of gender fairness it vindicated two years ago in its ruling invalidating the use of sexual stereotypes to justify denying women admission to the Virginia Military Institute . ",3,,54
1893181958,9/7/2018 07:14:09,4038688745,9/7/2018 07:13:36,false,elite,1,44242038,USA,FL,Port Saint Lucie,73.0.27.74,,,"[""said"",""took"",""detour"",""vindicated"",""ruling"",""invalidating"",""justify"",""denying"",""admission""]",NYT19980424.0421.tml,use__209__212###invalidating__192__204###vindicated__153__163###took__83__87###said__19__23###ruling__185__191,6,,,,"The New York Times said in an editorial on Saturday, April 25: The Supreme Court took a detour this week from the core principle of gender fairness it vindicated two years ago in its ruling invalidating the use of sexual stereotypes to justify denying women admission to the Virginia Military Institute.","The New York Times said in an editorial on Saturday , April 25 : The Supreme Court took a detour this week from the core principle of gender fairness it vindicated two years ago in its ruling invalidating the use of sexual stereotypes to justify denying women admission to the Virginia Military Institute . ",3,,54
1893181958,9/7/2018 06:53:56,4038653308,9/7/2018 06:53:18,false,clixsense,1,6352345,GBR,H8,Liverpool,77.96.145.121,,,"[""said"",""took"",""detour"",""vindicated"",""ruling"",""invalidating"",""use"",""justify"",""denying"",""admission""]",NYT19980424.0421.tml,use__209__212###invalidating__192__204###vindicated__153__163###took__83__87###said__19__23###ruling__185__191,6,,,,"The New York Times said in an editorial on Saturday, April 25: The Supreme Court took a detour this week from the core principle of gender fairness it vindicated two years ago in its ruling invalidating the use of sexual stereotypes to justify denying women admission to the Virginia Military Institute.","The New York Times said in an editorial on Saturday , April 25 : The Supreme Court took a detour this week from the core principle of gender fairness it vindicated two years ago in its ruling invalidating the use of sexual stereotypes to justify denying women admission to the Virginia Military Institute . ",3,,54
1893181958,9/9/2018 06:49:36,4042660297,9/9/2018 06:48:53,false,instagc,1,44094031,GBR,F9,West Drayton,82.45.230.16,,,"[""said"",""took"",""vindicated"",""invalidating"",""use"",""justify"",""denying""]",NYT19980424.0421.tml,use__209__212###invalidating__192__204###vindicated__153__163###took__83__87###said__19__23###ruling__185__191,6,,,,"The New York Times said in an editorial on Saturday, April 25: The Supreme Court took a detour this week from the core principle of gender fairness it vindicated two years ago in its ruling invalidating the use of sexual stereotypes to justify denying women admission to the Virginia Military Institute.","The New York Times said in an editorial on Saturday , April 25 : The Supreme Court took a detour this week from the core principle of gender fairness it vindicated two years ago in its ruling invalidating the use of sexual stereotypes to justify denying women admission to the Virginia Military Institute . ",3,,54
1893181958,9/4/2018 18:45:05,4029853393,9/4/2018 18:44:45,false,instagc,1,26024737,GBR,F6,Romford,92.7.135.74,,,"[""The New York Times said"",""in its ruling invalidating the use of sexual stereotypes to justify denying women admission to the Virginia Military Institute""]",NYT19980424.0421.tml,use__209__212###invalidating__192__204###vindicated__153__163###took__83__87###said__19__23###ruling__185__191,6,,,,"The New York Times said in an editorial on Saturday, April 25: The Supreme Court took a detour this week from the core principle of gender fairness it vindicated two years ago in its ruling invalidating the use of sexual stereotypes to justify denying women admission to the Virginia Military Institute.","The New York Times said in an editorial on Saturday , April 25 : The Supreme Court took a detour this week from the core principle of gender fairness it vindicated two years ago in its ruling invalidating the use of sexual stereotypes to justify denying women admission to the Virginia Military Institute . ",3,,54
1893181958,9/8/2018 18:09:54,4041863380,9/8/2018 18:09:22,false,clixsense,1,6576528,CAN,SK,Regina,24.72.133.122,,,"[""The"",""New"",""York"",""Times""]",NYT19980424.0421.tml,use__209__212###invalidating__192__204###vindicated__153__163###took__83__87###said__19__23###ruling__185__191,6,,,,"The New York Times said in an editorial on Saturday, April 25: The Supreme Court took a detour this week from the core principle of gender fairness it vindicated two years ago in its ruling invalidating the use of sexual stereotypes to justify denying women admission to the Virginia Military Institute.","The New York Times said in an editorial on Saturday , April 25 : The Supreme Court took a detour this week from the core principle of gender fairness it vindicated two years ago in its ruling invalidating the use of sexual stereotypes to justify denying women admission to the Virginia Military Institute . ",3,,54
1893181958,9/8/2018 10:12:43,4041326970,9/8/2018 10:12:10,false,prodege,1,43146784,USA,CA,Los Angeles,104.175.48.61,,,"[""took a detour"",""gender fairness it vindicated two years ago""]",NYT19980424.0421.tml,use__209__212###invalidating__192__204###vindicated__153__163###took__83__87###said__19__23###ruling__185__191,6,,,,"The New York Times said in an editorial on Saturday, April 25: The Supreme Court took a detour this week from the core principle of gender fairness it vindicated two years ago in its ruling invalidating the use of sexual stereotypes to justify denying women admission to the Virginia Military Institute.","The New York Times said in an editorial on Saturday , April 25 : The Supreme Court took a detour this week from the core principle of gender fairness it vindicated two years ago in its ruling invalidating the use of sexual stereotypes to justify denying women admission to the Virginia Military Institute . ",3,,54
1893181958,9/8/2018 22:28:33,4042176365,9/8/2018 22:27:29,false,elite,1,32173500,GBR,E4,Chelmsford,176.26.45.204,,,"[""took a detour"",""vindicated two years ago in its ruling""]",NYT19980424.0421.tml,use__209__212###invalidating__192__204###vindicated__153__163###took__83__87###said__19__23###ruling__185__191,6,,,,"The New York Times said in an editorial on Saturday, April 25: The Supreme Court took a detour this week from the core principle of gender fairness it vindicated two years ago in its ruling invalidating the use of sexual stereotypes to justify denying women admission to the Virginia Military Institute.","The New York Times said in an editorial on Saturday , April 25 : The Supreme Court took a detour this week from the core principle of gender fairness it vindicated two years ago in its ruling invalidating the use of sexual stereotypes to justify denying women admission to the Virginia Military Institute . ",3,,54
